0	43004.899999999999998578914528479800	41212.300000000000000710542735760100	40715.100000000000001421085471520200	42913.800000000000000710542735760100	39928.500000000000000000000000000000	39613.899999999999998578914528479800	38971.399999999999998578914528479800	42284.500000000000000000000000000000
1	43705.399999999999998578914528479800	41212.300000000000000710542735760100	42473.500000000000000000000000000000	44788.399999999999998578914528479800	41330.000000000000000000000000000000	40713.800000000000000710542735760100	42667.300000000000000710542735760100	42284.500000000000000000000000000000
2	43705.399999999999998578914528479800	42062.500000000000000000000000000000	44488.199999999999999289457264239900	44882.600000000000001421085471520200	42518.199999999999999289457264239900	42857.899999999999998578914528479800	43912.699999999999999289457264239900	43044.500000000000000000000000000000
3	44093.500000000000000000000000000000	45487.800000000000000710542735760100	44488.199999999999999289457264239900	44882.600000000000001421085471520200	44500.300000000000000710542735760100	43726.699999999999999289457264239900	43912.699999999999999289457264239900	43672.000000000000000000000000000000
4	44878.600000000000001421085471520200	45547.899999999999998578914528479800	45714.600000000000001421085471520200	45904.600000000000001421085471520200	45114.399999999999998578914528479800	45903.899999999999998578914528479800	44213.699999999999999289457264239900	44523.199999999999999289457264239900
5	45748.100000000000001421085471520200	45547.899999999999998578914528479800	45714.600000000000001421085471520200	45904.600000000000001421085471520200	45281.300000000000000710542735760100	45903.899999999999998578914528479800	44213.699999999999999289457264239900	44523.199999999999999289457264239900
6	45748.100000000000001421085471520200	47002.800000000000000710542735760100	45717.600000000000001421085471520200	47023.699999999999999289457264239900	45729.199999999999999289457264239900	46351.899999999999998578914528479800	44213.699999999999999289457264239900	45051.800000000000000710542735760100
7	45748.100000000000001421085471520200	47002.800000000000000710542735760100	46062.899999999999998578914528479800	47023.699999999999999289457264239900	45729.199999999999999289457264239900	46979.000000000000000000000000000000	44457.800000000000000710542735760100	46676.399999999999998578914528479800
8	45939.199999999999999289457264239900	48714.399999999999998578914528479800	46652.399999999999998578914528479800	47023.699999999999999289457264239900	46114.399999999999998578914528479800	46979.000000000000000000000000000000	44478.399999999999998578914528479800	47366.199999999999999289457264239900
9	46734.899999999999998578914528479800	48714.399999999999998578914528479800	47613.199999999999999289457264239900	47947.399999999999998578914528479800	46114.399999999999998578914528479800	48074.899999999999998578914528479800	45203.800000000000000710542735760100	47366.199999999999999289457264239900
10	46734.899999999999998578914528479800	49832.399999999999998578914528479800	48121.199999999999999289457264239900	48111.100000000000001421085471520200	46201.000000000000000000000000000000	48572.699999999999999289457264239900	45203.800000000000000710542735760100	47366.199999999999999289457264239900
11	46734.899999999999998578914528479800	49832.399999999999998578914528479800	49201.800000000000000710542735760100	48160.899999999999998578914528479800	46586.199999999999999289457264239900	48608.199999999999999289457264239900	46636.899999999999998578914528479800	47818.500000000000000000000000000000
12	47219.699999999999999289457264239900	50220.600000000000001421085471520200	49737.899999999999998578914528479800	48160.899999999999998578914528479800	46862.199999999999999289457264239900	48608.199999999999999289457264239900	46636.899999999999998578914528479800	48392.300000000000000710542735760100
13	47219.699999999999999289457264239900	50220.600000000000001421085471520200	49921.800000000000000710542735760100	49103.500000000000000000000000000000	47111.800000000000000710542735760100	49214.899999999999998578914528479800	46636.899999999999998578914528479800	48472.199999999999999289457264239900
14	47915.600000000000001421085471520200	50266.899999999999998578914528479800	49921.800000000000000710542735760100	49275.399999999999998578914528479800	47111.800000000000000710542735760100	49214.899999999999998578914528479800	46636.899999999999998578914528479800	48739.800000000000000710542735760100
15	48935.899999999999998578914528479800	50266.899999999999998578914528479800	51654.699999999999999289457264239900	49275.399999999999998578914528479800	47111.800000000000000710542735760100	49214.899999999999998578914528479800	46636.899999999999998578914528479800	48739.800000000000000710542735760100
16	49756.100000000000001421085471520200	50542.699999999999999289457264239900	51654.699999999999999289457264239900	49275.399999999999998578914528479800	47111.800000000000000710542735760100	49214.899999999999998578914528479800	46636.899999999999998578914528479800	48739.800000000000000710542735760100
17	49756.100000000000001421085471520200	50542.699999999999999289457264239900	51807.500000000000000000000000000000	50498.199999999999999289457264239900	48548.500000000000000000000000000000	49214.899999999999998578914528479800	46636.899999999999998578914528479800	48739.800000000000000710542735760100
18	49756.100000000000001421085471520200	50543.300000000000000710542735760100	52561.800000000000000710542735760100	50529.600000000000001421085471520200	48548.500000000000000000000000000000	49265.800000000000000710542735760100	46699.199999999999999289457264239900	48779.800000000000000710542735760100
19	50383.699999999999999289457264239900	50543.300000000000000710542735760100	52561.800000000000000710542735760100	50529.600000000000001421085471520200	48548.500000000000000000000000000000	49265.800000000000000710542735760100	46699.199999999999999289457264239900	48998.699999999999999289457264239900
20	50385.500000000000000000000000000000	50543.300000000000000710542735760100	52561.800000000000000710542735760100	50567.699999999999999289457264239900	48548.500000000000000000000000000000	49443.800000000000000710542735760100	46699.199999999999999289457264239900	48998.699999999999999289457264239900
21	50385.500000000000000000000000000000	50550.699999999999999289457264239900	52561.800000000000000710542735760100	50623.600000000000001421085471520200	48548.500000000000000000000000000000	49443.800000000000000710542735760100	47006.199999999999999289457264239900	49041.500000000000000000000000000000
22	50385.500000000000000000000000000000	50622.699999999999999289457264239900	52648.500000000000000000000000000000	50700.100000000000001421085471520200	48554.600000000000001421085471520200	49936.300000000000000710542735760100	47006.199999999999999289457264239900	49041.500000000000000000000000000000
23	50387.300000000000000710542735760100	50661.300000000000000710542735760100	52648.500000000000000000000000000000	50700.100000000000001421085471520200	48554.600000000000001421085471520200	49936.300000000000000710542735760100	47006.199999999999999289457264239900	49066.300000000000000710542735760100
24	50501.699999999999999289457264239900	51568.399999999999998578914528479800	52648.500000000000000000000000000000	50700.100000000000001421085471520200	48554.600000000000001421085471520200	49936.300000000000000710542735760100	47343.399999999999998578914528479800	49109.199999999999999289457264239900
25	50799.699999999999999289457264239900	51568.399999999999998578914528479800	52669.800000000000000710542735760100	50794.100000000000001421085471520200	48581.100000000000001421085471520200	49936.300000000000000710542735760100	49379.500000000000000000000000000000	49109.199999999999999289457264239900
26	50799.699999999999999289457264239900	51568.399999999999998578914528479800	52669.800000000000000710542735760100	50794.100000000000001421085471520200	48581.100000000000001421085471520200	49936.300000000000000710542735760100	49379.500000000000000000000000000000	49197.199999999999999289457264239900
27	50799.699999999999999289457264239900	51568.399999999999998578914528479800	52694.500000000000000000000000000000	50857.399999999999998578914528479800	48587.199999999999999289457264239900	50774.899999999999998578914528479800	49451.300000000000000710542735760100	49197.199999999999999289457264239900
28	52006.600000000000001421085471520200	51568.399999999999998578914528479800	52756.500000000000000000000000000000	50869.100000000000001421085471520200	48602.600000000000001421085471520200	50774.899999999999998578914528479800	49502.500000000000000000000000000000	49197.199999999999999289457264239900
29	52106.600000000000001421085471520200	51686.399999999999998578914528479800	52756.500000000000000000000000000000	50878.100000000000001421085471520200	48602.600000000000001421085471520200	50774.899999999999998578914528479800	49539.500000000000000000000000000000	49197.199999999999999289457264239900
30	52106.600000000000001421085471520200	51686.399999999999998578914528479800	52756.500000000000000000000000000000	50878.100000000000001421085471520200	48635.199999999999999289457264239900	50774.899999999999998578914528479800	49578.100000000000001421085471520200	49205.199999999999999289457264239900
31	52106.600000000000001421085471520200	51686.399999999999998578914528479800	52928.500000000000000000000000000000	50878.100000000000001421085471520200	48635.199999999999999289457264239900	52003.000000000000000000000000000000	49645.300000000000000710542735760100	49205.199999999999999289457264239900
32	52106.600000000000001421085471520200	51686.399999999999998578914528479800	52928.500000000000000000000000000000	50903.199999999999999289457264239900	48635.199999999999999289457264239900	52003.000000000000000000000000000000	49738.100000000000001421085471520200	49205.199999999999999289457264239900
33	52106.600000000000001421085471520200	51783.800000000000000710542735760100	52928.500000000000000000000000000000	50983.899999999999998578914528479800	48635.199999999999999289457264239900	52003.000000000000000000000000000000	49738.100000000000001421085471520200	49237.199999999999999289457264239900
34	52106.600000000000001421085471520200	51821.800000000000000710542735760100	52928.500000000000000000000000000000	50983.899999999999998578914528479800	48635.199999999999999289457264239900	52048.800000000000000710542735760100	49793.699999999999999289457264239900	49274.399999999999998578914528479800
35	52139.300000000000000710542735760100	51821.800000000000000710542735760100	52928.500000000000000000000000000000	50983.899999999999998578914528479800	48635.199999999999999289457264239900	52048.800000000000000710542735760100	49793.699999999999999289457264239900	49274.399999999999998578914528479800
36	52139.300000000000000710542735760100	51821.800000000000000710542735760100	52928.500000000000000000000000000000	51041.000000000000000000000000000000	48635.199999999999999289457264239900	52773.699999999999999289457264239900	49793.699999999999999289457264239900	49274.399999999999998578914528479800
37	52139.300000000000000710542735760100	51821.800000000000000710542735760100	52944.500000000000000000000000000000	51041.000000000000000000000000000000	48635.199999999999999289457264239900	52773.699999999999999289457264239900	49805.300000000000000710542735760100	49306.399999999999998578914528479800
38	52139.300000000000000710542735760100	52189.100000000000001421085471520200	52944.500000000000000000000000000000	51041.000000000000000000000000000000	48635.199999999999999289457264239900	52773.699999999999999289457264239900	49805.300000000000000710542735760100	49306.399999999999998578914528479800
39	52139.300000000000000710542735760100	52189.100000000000001421085471520200	52944.500000000000000000000000000000	51041.000000000000000000000000000000	48635.199999999999999289457264239900	52773.699999999999999289457264239900	49805.300000000000000710542735760100	49306.399999999999998578914528479800
40	52169.600000000000001421085471520200	52189.100000000000001421085471520200	52944.500000000000000000000000000000	51041.000000000000000000000000000000	48635.199999999999999289457264239900	53229.100000000000001421085471520200	49805.300000000000000710542735760100	49314.399999999999998578914528479800
41	52195.899999999999998578914528479800	52189.100000000000001421085471520200	52944.500000000000000000000000000000	51119.000000000000000000000000000000	48635.199999999999999289457264239900	53229.100000000000001421085471520200	49805.300000000000000710542735760100	49314.399999999999998578914528479800
42	52195.899999999999998578914528479800	52189.699999999999999289457264239900	52952.500000000000000000000000000000	51301.600000000000001421085471520200	48635.199999999999999289457264239900	53229.100000000000001421085471520200	49805.300000000000000710542735760100	49314.399999999999998578914528479800
43	52196.500000000000000000000000000000	52189.699999999999999289457264239900	52960.500000000000000000000000000000	51301.600000000000001421085471520200	48635.199999999999999289457264239900	53229.100000000000001421085471520200	49805.300000000000000710542735760100	49314.399999999999998578914528479800
44	52197.000000000000000000000000000000	52269.100000000000001421085471520200	52960.500000000000000000000000000000	51301.600000000000001421085471520200	48635.199999999999999289457264239900	53229.100000000000001421085471520200	49938.600000000000001421085471520200	49314.399999999999998578914528479800
45	52197.000000000000000000000000000000	52269.100000000000001421085471520200	52976.500000000000000000000000000000	51301.600000000000001421085471520200	48635.199999999999999289457264239900	53229.100000000000001421085471520200	49938.600000000000001421085471520200	49336.399999999999998578914528479800
46	52197.100000000000001421085471520200	52277.100000000000001421085471520200	52984.500000000000000000000000000000	51301.600000000000001421085471520200	48635.199999999999999289457264239900	53234.899999999999998578914528479800	49938.600000000000001421085471520200	49336.399999999999998578914528479800
47	52291.199999999999999289457264239900	52277.100000000000001421085471520200	52984.500000000000000000000000000000	51928.000000000000000000000000000000	48635.199999999999999289457264239900	53234.899999999999998578914528479800	49938.600000000000001421085471520200	49336.399999999999998578914528479800
48	52291.199999999999999289457264239900	52277.100000000000001421085471520200	52992.500000000000000000000000000000	51928.000000000000000000000000000000	48635.199999999999999289457264239900	53234.899999999999998578914528479800	49938.600000000000001421085471520200	49360.399999999999998578914528479800
49	52291.199999999999999289457264239900	52321.100000000000001421085471520200	52992.500000000000000000000000000000	51928.000000000000000000000000000000	48635.199999999999999289457264239900	53234.899999999999998578914528479800	49938.600000000000001421085471520200	49360.399999999999998578914528479800
50	52537.199999999999999289457264239900	52350.000000000000000000000000000000	52992.500000000000000000000000000000	51928.000000000000000000000000000000	48635.199999999999999289457264239900	53234.899999999999998578914528479800	49938.600000000000001421085471520200	49424.399999999999998578914528479800
51	52537.199999999999999289457264239900	52358.000000000000000000000000000000	52992.500000000000000000000000000000	52349.399999999999998578914528479800	48635.199999999999999289457264239900	53234.899999999999998578914528479800	49938.600000000000001421085471520200	49424.399999999999998578914528479800
52	53461.199999999999999289457264239900	52358.000000000000000000000000000000	52992.500000000000000000000000000000	52349.399999999999998578914528479800	50624.199999999999999289457264239900	53234.899999999999998578914528479800	49938.600000000000001421085471520200	49424.399999999999998578914528479800
53	53461.199999999999999289457264239900	52358.000000000000000000000000000000	52992.500000000000000000000000000000	52349.399999999999998578914528479800	50624.199999999999999289457264239900	53234.899999999999998578914528479800	49938.600000000000001421085471520200	49424.399999999999998578914528479800
54	53461.199999999999999289457264239900	52365.000000000000000000000000000000	52992.500000000000000000000000000000	52349.399999999999998578914528479800	50624.199999999999999289457264239900	53234.899999999999998578914528479800	49938.600000000000001421085471520200	49424.399999999999998578914528479800
55	53461.199999999999999289457264239900	52365.000000000000000000000000000000	52992.500000000000000000000000000000	54371.899999999999998578914528479800	50624.199999999999999289457264239900	53234.899999999999998578914528479800	49938.600000000000001421085471520200	49424.399999999999998578914528479800
56	53461.199999999999999289457264239900	52379.600000000000001421085471520200	52992.500000000000000000000000000000	54371.899999999999998578914528479800	50624.199999999999999289457264239900	53234.899999999999998578914528479800	49938.600000000000001421085471520200	49454.399999999999998578914528479800
57	53788.899999999999998578914528479800	52379.600000000000001421085471520200	52992.500000000000000000000000000000	54633.899999999999998578914528479800	50624.199999999999999289457264239900	53234.899999999999998578914528479800	49938.600000000000001421085471520200	49454.399999999999998578914528479800
58	53788.899999999999998578914528479800	52379.600000000000001421085471520200	52992.500000000000000000000000000000	54633.899999999999998578914528479800	50624.199999999999999289457264239900	53234.899999999999998578914528479800	49938.600000000000001421085471520200	49454.399999999999998578914528479800
59	53788.899999999999998578914528479800	52387.600000000000001421085471520200	52992.500000000000000000000000000000	54633.899999999999998578914528479800	50624.199999999999999289457264239900	53234.899999999999998578914528479800	49938.600000000000001421085471520200	49454.399999999999998578914528479800
60	53788.899999999999998578914528479800	52387.600000000000001421085471520200	52992.500000000000000000000000000000	54634.500000000000000000000000000000	50624.199999999999999289457264239900	53234.899999999999998578914528479800	49938.600000000000001421085471520200	49454.399999999999998578914528479800
61	53804.899999999999998578914528479800	52387.600000000000001421085471520200	52992.500000000000000000000000000000	54643.000000000000000000000000000000	50624.199999999999999289457264239900	53234.899999999999998578914528479800	49938.600000000000001421085471520200	49454.399999999999998578914528479800
62	53804.899999999999998578914528479800	52387.600000000000001421085471520200	52992.500000000000000000000000000000	54643.000000000000000000000000000000	50624.199999999999999289457264239900	53234.899999999999998578914528479800	49938.600000000000001421085471520200	49454.399999999999998578914528479800
63	53804.899999999999998578914528479800	52387.600000000000001421085471520200	52992.500000000000000000000000000000	54643.000000000000000000000000000000	50624.199999999999999289457264239900	53234.899999999999998578914528479800	49938.600000000000001421085471520200	49454.399999999999998578914528479800
64	53804.899999999999998578914528479800	52387.600000000000001421085471520200	52992.500000000000000000000000000000	54662.000000000000000000000000000000	50624.199999999999999289457264239900	53863.800000000000000710542735760100	49938.600000000000001421085471520200	49454.399999999999998578914528479800
65	53804.899999999999998578914528479800	52387.600000000000001421085471520200	52992.500000000000000000000000000000	54662.000000000000000000000000000000	50624.199999999999999289457264239900	53863.800000000000000710542735760100	49938.600000000000001421085471520200	49454.399999999999998578914528479800
66	53804.899999999999998578914528479800	52387.600000000000001421085471520200	52992.500000000000000000000000000000	54662.000000000000000000000000000000	50624.199999999999999289457264239900	53863.800000000000000710542735760100	49938.600000000000001421085471520200	49454.399999999999998578914528479800
67	53804.899999999999998578914528479800	52395.600000000000001421085471520200	52992.500000000000000000000000000000	54662.000000000000000000000000000000	50624.199999999999999289457264239900	53863.800000000000000710542735760100	49938.600000000000001421085471520200	49500.399999999999998578914528479800
68	53804.899999999999998578914528479800	52395.600000000000001421085471520200	52992.500000000000000000000000000000	54674.300000000000000710542735760100	50624.199999999999999289457264239900	53863.800000000000000710542735760100	49938.600000000000001421085471520200	49500.399999999999998578914528479800
69	53804.899999999999998578914528479800	52395.600000000000001421085471520200	53078.500000000000000000000000000000	55557.600000000000001421085471520200	50624.199999999999999289457264239900	53863.800000000000000710542735760100	49938.600000000000001421085471520200	49500.399999999999998578914528479800
70	53804.899999999999998578914528479800	52395.600000000000001421085471520200	53078.500000000000000000000000000000	55557.600000000000001421085471520200	50624.199999999999999289457264239900	53999.300000000000000710542735760100	49938.600000000000001421085471520200	49500.399999999999998578914528479800
71	53804.899999999999998578914528479800	52395.600000000000001421085471520200	53078.500000000000000000000000000000	55557.600000000000001421085471520200	50624.199999999999999289457264239900	53999.300000000000000710542735760100	49938.600000000000001421085471520200	49500.399999999999998578914528479800
72	53804.899999999999998578914528479800	52395.600000000000001421085471520200	53078.500000000000000000000000000000	55566.699999999999999289457264239900	50624.199999999999999289457264239900	53999.300000000000000710542735760100	49938.600000000000001421085471520200	49500.399999999999998578914528479800
73	53804.899999999999998578914528479800	52395.600000000000001421085471520200	53078.500000000000000000000000000000	55566.699999999999999289457264239900	50624.199999999999999289457264239900	53999.300000000000000710542735760100	49938.600000000000001421085471520200	49500.399999999999998578914528479800
74	53804.899999999999998578914528479800	52395.600000000000001421085471520200	53078.500000000000000000000000000000	55566.699999999999999289457264239900	50624.199999999999999289457264239900	53999.300000000000000710542735760100	49938.600000000000001421085471520200	49500.399999999999998578914528479800
75	53804.899999999999998578914528479800	52395.600000000000001421085471520200	53078.500000000000000000000000000000	55566.699999999999999289457264239900	50624.199999999999999289457264239900	53999.300000000000000710542735760100	49938.600000000000001421085471520200	49500.399999999999998578914528479800
76	53804.899999999999998578914528479800	52395.600000000000001421085471520200	53078.500000000000000000000000000000	55574.699999999999999289457264239900	50624.199999999999999289457264239900	53999.300000000000000710542735760100	49938.600000000000001421085471520200	49500.399999999999998578914528479800
77	53804.899999999999998578914528479800	52417.899999999999998578914528479800	53078.500000000000000000000000000000	55574.699999999999999289457264239900	50624.199999999999999289457264239900	53999.300000000000000710542735760100	49938.600000000000001421085471520200	49500.399999999999998578914528479800
78	53804.899999999999998578914528479800	52417.899999999999998578914528479800	53078.500000000000000000000000000000	55574.699999999999999289457264239900	50624.199999999999999289457264239900	53999.300000000000000710542735760100	49938.600000000000001421085471520200	49500.399999999999998578914528479800
79	53804.899999999999998578914528479800	52417.899999999999998578914528479800	53078.500000000000000000000000000000	55574.699999999999999289457264239900	50624.199999999999999289457264239900	53999.300000000000000710542735760100	49938.600000000000001421085471520200	49500.399999999999998578914528479800
80	53804.899999999999998578914528479800	52459.600000000000001421085471520200	53078.500000000000000000000000000000	55574.699999999999999289457264239900	50624.199999999999999289457264239900	53999.300000000000000710542735760100	49938.600000000000001421085471520200	49500.399999999999998578914528479800
81	53804.899999999999998578914528479800	52459.600000000000001421085471520200	53078.500000000000000000000000000000	55575.899999999999998578914528479800	50624.199999999999999289457264239900	53999.300000000000000710542735760100	49938.600000000000001421085471520200	49500.399999999999998578914528479800
82	53804.899999999999998578914528479800	52459.600000000000001421085471520200	53078.500000000000000000000000000000	55575.899999999999998578914528479800	50624.199999999999999289457264239900	53999.300000000000000710542735760100	49938.600000000000001421085471520200	49500.399999999999998578914528479800
83	53804.899999999999998578914528479800	52491.600000000000001421085471520200	53078.500000000000000000000000000000	55575.899999999999998578914528479800	50624.199999999999999289457264239900	53999.300000000000000710542735760100	49938.600000000000001421085471520200	49500.399999999999998578914528479800
84	53804.899999999999998578914528479800	52491.600000000000001421085471520200	53078.500000000000000000000000000000	55575.899999999999998578914528479800	50624.199999999999999289457264239900	53999.300000000000000710542735760100	49938.600000000000001421085471520200	49500.399999999999998578914528479800
85	53804.899999999999998578914528479800	52492.199999999999999289457264239900	53078.500000000000000000000000000000	55575.899999999999998578914528479800	50624.199999999999999289457264239900	53999.300000000000000710542735760100	49938.600000000000001421085471520200	49500.399999999999998578914528479800
86	53804.899999999999998578914528479800	52492.199999999999999289457264239900	53078.500000000000000000000000000000	55575.899999999999998578914528479800	50624.199999999999999289457264239900	53999.300000000000000710542735760100	52035.199999999999999289457264239900	49500.399999999999998578914528479800
87	53804.899999999999998578914528479800	52492.199999999999999289457264239900	53078.500000000000000000000000000000	55575.899999999999998578914528479800	50624.199999999999999289457264239900	53999.300000000000000710542735760100	52035.199999999999999289457264239900	49500.399999999999998578914528479800
88	53804.899999999999998578914528479800	52492.199999999999999289457264239900	53078.500000000000000000000000000000	55575.899999999999998578914528479800	50624.199999999999999289457264239900	53999.300000000000000710542735760100	52035.199999999999999289457264239900	49500.399999999999998578914528479800
89	53804.899999999999998578914528479800	52499.600000000000001421085471520200	53078.500000000000000000000000000000	55575.899999999999998578914528479800	50624.199999999999999289457264239900	53999.300000000000000710542735760100	52060.000000000000000000000000000000	49500.399999999999998578914528479800
90	53804.899999999999998578914528479800	52532.199999999999999289457264239900	53078.500000000000000000000000000000	55575.899999999999998578914528479800	50624.199999999999999289457264239900	53999.300000000000000710542735760100	52066.699999999999999289457264239900	49531.199999999999999289457264239900
91	53804.899999999999998578914528479800	52532.199999999999999289457264239900	53078.500000000000000000000000000000	55575.899999999999998578914528479800	50624.199999999999999289457264239900	53999.300000000000000710542735760100	52066.699999999999999289457264239900	49531.199999999999999289457264239900
92	53804.899999999999998578914528479800	52532.199999999999999289457264239900	53078.500000000000000000000000000000	55575.899999999999998578914528479800	50624.199999999999999289457264239900	53999.300000000000000710542735760100	52066.699999999999999289457264239900	49539.100000000000001421085471520200
93	53820.899999999999998578914528479800	52532.199999999999999289457264239900	53078.500000000000000000000000000000	55575.899999999999998578914528479800	50624.199999999999999289457264239900	53999.300000000000000710542735760100	52066.699999999999999289457264239900	49563.100000000000001421085471520200
94	53820.899999999999998578914528479800	52532.199999999999999289457264239900	53078.500000000000000000000000000000	55575.899999999999998578914528479800	50624.199999999999999289457264239900	53999.300000000000000710542735760100	52098.199999999999999289457264239900	49607.800000000000000710542735760100
95	53820.899999999999998578914528479800	52532.199999999999999289457264239900	53078.500000000000000000000000000000	55575.899999999999998578914528479800	50624.199999999999999289457264239900	53999.300000000000000710542735760100	52098.199999999999999289457264239900	49627.199999999999999289457264239900
96	53820.899999999999998578914528479800	52532.199999999999999289457264239900	53078.500000000000000000000000000000	55591.899999999999998578914528479800	50624.199999999999999289457264239900	53999.300000000000000710542735760100	52098.199999999999999289457264239900	49699.100000000000001421085471520200
97	53821.500000000000000000000000000000	52532.199999999999999289457264239900	53078.500000000000000000000000000000	55591.899999999999998578914528479800	50624.199999999999999289457264239900	53999.300000000000000710542735760100	52149.899999999999998578914528479800	49699.100000000000001421085471520200
98	53821.500000000000000000000000000000	52532.199999999999999289457264239900	53078.500000000000000000000000000000	55591.899999999999998578914528479800	50624.199999999999999289457264239900	53999.300000000000000710542735760100	52149.899999999999998578914528479800	49699.100000000000001421085471520200
99	53821.500000000000000000000000000000	52532.199999999999999289457264239900	53078.500000000000000000000000000000	55591.899999999999998578914528479800	50624.199999999999999289457264239900	53999.300000000000000710542735760100	52149.899999999999998578914528479800	49699.100000000000001421085471520200
100	53821.500000000000000000000000000000	52532.199999999999999289457264239900	53078.500000000000000000000000000000	55591.899999999999998578914528479800	50624.199999999999999289457264239900	53999.300000000000000710542735760100	52175.300000000000000710542735760100	49699.100000000000001421085471520200
101	53821.500000000000000000000000000000	52532.199999999999999289457264239900	53078.500000000000000000000000000000	55615.300000000000000710542735760100	50624.199999999999999289457264239900	53999.300000000000000710542735760100	52175.300000000000000710542735760100	49707.699999999999999289457264239900
102	53821.500000000000000000000000000000	52532.199999999999999289457264239900	53078.500000000000000000000000000000	55730.899999999999998578914528479800	50624.199999999999999289457264239900	53999.300000000000000710542735760100	52175.300000000000000710542735760100	49707.699999999999999289457264239900
103	53821.500000000000000000000000000000	52532.199999999999999289457264239900	53078.500000000000000000000000000000	55730.899999999999998578914528479800	50624.199999999999999289457264239900	53999.300000000000000710542735760100	52175.300000000000000710542735760100	49707.699999999999999289457264239900
104	53821.500000000000000000000000000000	52532.199999999999999289457264239900	53078.500000000000000000000000000000	55730.899999999999998578914528479800	50624.199999999999999289457264239900	53999.300000000000000710542735760100	52209.199999999999999289457264239900	49707.699999999999999289457264239900
105	53821.500000000000000000000000000000	52532.199999999999999289457264239900	53078.500000000000000000000000000000	55730.899999999999998578914528479800	50624.199999999999999289457264239900	53999.300000000000000710542735760100	52209.199999999999999289457264239900	49707.699999999999999289457264239900
106	53821.500000000000000000000000000000	52532.199999999999999289457264239900	53078.500000000000000000000000000000	55730.899999999999998578914528479800	50624.199999999999999289457264239900	53999.300000000000000710542735760100	52209.199999999999999289457264239900	52112.000000000000000000000000000000
107	53821.500000000000000000000000000000	52532.199999999999999289457264239900	53078.500000000000000000000000000000	55730.899999999999998578914528479800	50624.199999999999999289457264239900	53999.300000000000000710542735760100	52251.300000000000000710542735760100	52136.000000000000000000000000000000
108	53821.500000000000000000000000000000	52532.199999999999999289457264239900	53078.500000000000000000000000000000	55730.899999999999998578914528479800	50624.199999999999999289457264239900	53999.300000000000000710542735760100	52251.300000000000000710542735760100	52136.000000000000000000000000000000
109	53821.500000000000000000000000000000	52532.199999999999999289457264239900	53078.500000000000000000000000000000	55738.899999999999998578914528479800	50624.199999999999999289457264239900	53999.300000000000000710542735760100	52251.300000000000000710542735760100	52136.000000000000000000000000000000
110	53821.500000000000000000000000000000	52532.199999999999999289457264239900	53078.500000000000000000000000000000	55738.899999999999998578914528479800	50624.199999999999999289457264239900	53999.300000000000000710542735760100	52251.300000000000000710542735760100	52136.000000000000000000000000000000
111	53821.500000000000000000000000000000	52532.199999999999999289457264239900	53078.500000000000000000000000000000	55738.899999999999998578914528479800	50624.199999999999999289457264239900	53999.300000000000000710542735760100	52251.300000000000000710542735760100	52136.000000000000000000000000000000
112	53821.500000000000000000000000000000	52532.199999999999999289457264239900	53078.500000000000000000000000000000	55738.899999999999998578914528479800	50624.199999999999999289457264239900	53999.300000000000000710542735760100	52251.300000000000000710542735760100	52136.000000000000000000000000000000
113	53821.500000000000000000000000000000	52532.199999999999999289457264239900	53078.500000000000000000000000000000	55738.899999999999998578914528479800	50624.199999999999999289457264239900	53999.300000000000000710542735760100	52251.300000000000000710542735760100	52136.000000000000000000000000000000
114	53821.500000000000000000000000000000	52532.199999999999999289457264239900	53078.500000000000000000000000000000	55738.899999999999998578914528479800	50624.199999999999999289457264239900	53999.300000000000000710542735760100	52251.300000000000000710542735760100	52136.000000000000000000000000000000
115	53821.500000000000000000000000000000	52532.199999999999999289457264239900	53078.500000000000000000000000000000	55738.899999999999998578914528479800	50624.199999999999999289457264239900	53999.300000000000000710542735760100	52251.300000000000000710542735760100	52136.000000000000000000000000000000
116	53821.500000000000000000000000000000	52532.199999999999999289457264239900	53078.500000000000000000000000000000	55738.899999999999998578914528479800	50624.199999999999999289457264239900	53999.300000000000000710542735760100	52251.300000000000000710542735760100	52136.000000000000000000000000000000
117	53821.500000000000000000000000000000	52532.199999999999999289457264239900	53078.500000000000000000000000000000	55738.899999999999998578914528479800	50624.199999999999999289457264239900	53999.300000000000000710542735760100	52251.300000000000000710542735760100	52136.000000000000000000000000000000
118	53821.500000000000000000000000000000	52532.199999999999999289457264239900	53078.500000000000000000000000000000	55738.899999999999998578914528479800	50624.199999999999999289457264239900	53999.300000000000000710542735760100	52251.300000000000000710542735760100	52136.000000000000000000000000000000
119	53821.500000000000000000000000000000	52532.199999999999999289457264239900	53078.500000000000000000000000000000	55738.899999999999998578914528479800	50624.199999999999999289457264239900	53999.300000000000000710542735760100	52251.300000000000000710542735760100	52136.000000000000000000000000000000
120	53821.500000000000000000000000000000	52532.199999999999999289457264239900	53078.500000000000000000000000000000	55738.899999999999998578914528479800	50624.199999999999999289457264239900	53999.300000000000000710542735760100	52251.300000000000000710542735760100	52136.000000000000000000000000000000
121	53821.500000000000000000000000000000	52532.199999999999999289457264239900	53078.500000000000000000000000000000	55738.899999999999998578914528479800	50624.199999999999999289457264239900	53999.300000000000000710542735760100	52251.300000000000000710542735760100	52136.000000000000000000000000000000
122	53821.500000000000000000000000000000	52532.199999999999999289457264239900	53078.500000000000000000000000000000	55738.899999999999998578914528479800	50624.199999999999999289457264239900	53999.300000000000000710542735760100	52251.300000000000000710542735760100	52136.000000000000000000000000000000
123	53821.500000000000000000000000000000	52532.199999999999999289457264239900	53078.500000000000000000000000000000	55738.899999999999998578914528479800	50624.199999999999999289457264239900	53999.300000000000000710542735760100	52251.300000000000000710542735760100	52136.000000000000000000000000000000
124	53821.500000000000000000000000000000	52532.199999999999999289457264239900	53078.500000000000000000000000000000	55754.899999999999998578914528479800	50624.199999999999999289457264239900	53999.300000000000000710542735760100	52251.300000000000000710542735760100	52136.000000000000000000000000000000
125	53821.500000000000000000000000000000	52532.199999999999999289457264239900	53078.500000000000000000000000000000	55754.899999999999998578914528479800	50624.199999999999999289457264239900	53999.300000000000000710542735760100	52251.300000000000000710542735760100	52136.000000000000000000000000000000
126	53821.500000000000000000000000000000	52532.199999999999999289457264239900	53078.500000000000000000000000000000	55754.899999999999998578914528479800	50624.199999999999999289457264239900	53999.300000000000000710542735760100	52251.300000000000000710542735760100	52136.000000000000000000000000000000
127	53821.500000000000000000000000000000	52532.199999999999999289457264239900	53118.500000000000000000000000000000	55754.899999999999998578914528479800	50624.199999999999999289457264239900	53999.300000000000000710542735760100	52251.300000000000000710542735760100	52136.000000000000000000000000000000
128	53821.500000000000000000000000000000	52537.600000000000001421085471520200	53118.500000000000000000000000000000	55754.899999999999998578914528479800	50624.199999999999999289457264239900	53999.300000000000000710542735760100	52251.300000000000000710542735760100	52136.000000000000000000000000000000
129	53821.500000000000000000000000000000	52537.600000000000001421085471520200	53118.500000000000000000000000000000	55754.899999999999998578914528479800	50624.199999999999999289457264239900	53999.300000000000000710542735760100	52251.300000000000000710542735760100	52136.000000000000000000000000000000
130	53821.500000000000000000000000000000	52537.600000000000001421085471520200	53118.500000000000000000000000000000	55754.899999999999998578914528479800	50624.199999999999999289457264239900	53999.300000000000000710542735760100	52251.300000000000000710542735760100	52136.000000000000000000000000000000
131	53821.500000000000000000000000000000	52537.600000000000001421085471520200	53118.500000000000000000000000000000	55754.899999999999998578914528479800	50624.199999999999999289457264239900	53999.300000000000000710542735760100	52251.300000000000000710542735760100	52136.000000000000000000000000000000
132	53821.500000000000000000000000000000	52537.600000000000001421085471520200	53118.500000000000000000000000000000	55754.899999999999998578914528479800	50624.199999999999999289457264239900	53999.300000000000000710542735760100	52251.300000000000000710542735760100	52136.000000000000000000000000000000
133	53821.500000000000000000000000000000	52537.600000000000001421085471520200	53118.500000000000000000000000000000	55754.899999999999998578914528479800	50624.199999999999999289457264239900	53999.300000000000000710542735760100	52251.300000000000000710542735760100	52136.000000000000000000000000000000
134	53821.500000000000000000000000000000	52537.600000000000001421085471520200	53118.500000000000000000000000000000	55754.899999999999998578914528479800	50624.199999999999999289457264239900	53999.300000000000000710542735760100	52251.300000000000000710542735760100	52136.000000000000000000000000000000
135	53821.500000000000000000000000000000	52537.600000000000001421085471520200	53118.500000000000000000000000000000	55754.899999999999998578914528479800	50624.199999999999999289457264239900	53999.300000000000000710542735760100	52251.300000000000000710542735760100	52136.000000000000000000000000000000
136	53821.500000000000000000000000000000	52537.600000000000001421085471520200	53118.500000000000000000000000000000	55754.899999999999998578914528479800	50624.199999999999999289457264239900	53999.300000000000000710542735760100	52251.300000000000000710542735760100	52136.000000000000000000000000000000
137	53821.500000000000000000000000000000	52537.600000000000001421085471520200	53118.500000000000000000000000000000	55754.899999999999998578914528479800	50624.199999999999999289457264239900	53999.300000000000000710542735760100	52251.300000000000000710542735760100	52136.000000000000000000000000000000
138	53821.500000000000000000000000000000	52537.600000000000001421085471520200	53118.500000000000000000000000000000	55754.899999999999998578914528479800	50624.199999999999999289457264239900	53999.300000000000000710542735760100	52251.300000000000000710542735760100	52136.000000000000000000000000000000
139	53821.500000000000000000000000000000	52537.600000000000001421085471520200	53118.500000000000000000000000000000	55754.899999999999998578914528479800	50624.199999999999999289457264239900	53999.300000000000000710542735760100	52251.300000000000000710542735760100	52136.000000000000000000000000000000
140	53821.500000000000000000000000000000	52537.600000000000001421085471520200	53118.500000000000000000000000000000	55754.899999999999998578914528479800	50624.199999999999999289457264239900	53999.300000000000000710542735760100	52251.300000000000000710542735760100	52136.000000000000000000000000000000
141	53821.500000000000000000000000000000	52537.600000000000001421085471520200	53118.500000000000000000000000000000	55754.899999999999998578914528479800	50624.199999999999999289457264239900	53999.300000000000000710542735760100	52251.300000000000000710542735760100	52136.000000000000000000000000000000
142	53821.500000000000000000000000000000	52537.600000000000001421085471520200	53118.500000000000000000000000000000	55754.899999999999998578914528479800	50624.199999999999999289457264239900	53999.300000000000000710542735760100	52251.300000000000000710542735760100	52136.000000000000000000000000000000
143	53821.500000000000000000000000000000	52537.600000000000001421085471520200	53118.500000000000000000000000000000	55754.899999999999998578914528479800	50624.199999999999999289457264239900	53999.300000000000000710542735760100	52251.300000000000000710542735760100	52136.000000000000000000000000000000
144	53821.500000000000000000000000000000	52537.600000000000001421085471520200	53118.500000000000000000000000000000	55754.899999999999998578914528479800	50624.199999999999999289457264239900	53999.300000000000000710542735760100	52251.300000000000000710542735760100	52136.000000000000000000000000000000
145	53821.500000000000000000000000000000	52537.600000000000001421085471520200	53118.500000000000000000000000000000	55754.899999999999998578914528479800	50624.199999999999999289457264239900	53999.300000000000000710542735760100	52251.300000000000000710542735760100	52136.000000000000000000000000000000
146	53821.500000000000000000000000000000	52537.600000000000001421085471520200	53118.500000000000000000000000000000	55754.899999999999998578914528479800	50624.199999999999999289457264239900	53999.300000000000000710542735760100	52251.300000000000000710542735760100	52136.000000000000000000000000000000
147	53821.500000000000000000000000000000	52537.600000000000001421085471520200	53118.500000000000000000000000000000	55754.899999999999998578914528479800	50624.199999999999999289457264239900	53999.300000000000000710542735760100	52251.300000000000000710542735760100	52136.000000000000000000000000000000
148	53821.500000000000000000000000000000	52537.600000000000001421085471520200	53118.500000000000000000000000000000	55754.899999999999998578914528479800	50624.199999999999999289457264239900	53999.300000000000000710542735760100	52251.300000000000000710542735760100	52136.000000000000000000000000000000
149	53821.500000000000000000000000000000	52537.600000000000001421085471520200	53118.500000000000000000000000000000	55754.899999999999998578914528479800	50624.199999999999999289457264239900	53999.300000000000000710542735760100	52251.300000000000000710542735760100	52136.000000000000000000000000000000
150	53821.500000000000000000000000000000	52537.600000000000001421085471520200	53118.500000000000000000000000000000	55754.899999999999998578914528479800	50624.199999999999999289457264239900	53999.300000000000000710542735760100	52251.300000000000000710542735760100	52136.000000000000000000000000000000
151	53821.500000000000000000000000000000	52537.600000000000001421085471520200	53118.500000000000000000000000000000	55754.899999999999998578914528479800	50624.199999999999999289457264239900	53999.300000000000000710542735760100	52251.300000000000000710542735760100	52136.000000000000000000000000000000
152	53821.500000000000000000000000000000	52537.600000000000001421085471520200	53118.500000000000000000000000000000	55754.899999999999998578914528479800	50624.199999999999999289457264239900	53999.300000000000000710542735760100	52251.300000000000000710542735760100	52136.000000000000000000000000000000
153	53821.500000000000000000000000000000	52537.600000000000001421085471520200	53118.500000000000000000000000000000	55754.899999999999998578914528479800	50624.199999999999999289457264239900	53999.300000000000000710542735760100	52251.300000000000000710542735760100	52136.000000000000000000000000000000
154	53821.500000000000000000000000000000	52537.600000000000001421085471520200	53118.500000000000000000000000000000	55754.899999999999998578914528479800	50624.199999999999999289457264239900	53999.300000000000000710542735760100	52251.300000000000000710542735760100	52136.000000000000000000000000000000
155	53821.500000000000000000000000000000	52537.600000000000001421085471520200	53118.500000000000000000000000000000	55754.899999999999998578914528479800	50624.199999999999999289457264239900	53999.300000000000000710542735760100	52251.300000000000000710542735760100	52136.000000000000000000000000000000
156	53869.000000000000000000000000000000	52537.600000000000001421085471520200	53118.500000000000000000000000000000	55754.899999999999998578914528479800	50624.199999999999999289457264239900	53999.300000000000000710542735760100	52251.300000000000000710542735760100	52136.000000000000000000000000000000
157	53869.000000000000000000000000000000	52537.600000000000001421085471520200	53118.500000000000000000000000000000	55754.899999999999998578914528479800	50624.199999999999999289457264239900	53999.300000000000000710542735760100	52251.300000000000000710542735760100	52136.000000000000000000000000000000
158	53869.000000000000000000000000000000	52537.600000000000001421085471520200	53118.500000000000000000000000000000	55754.899999999999998578914528479800	50624.199999999999999289457264239900	53999.300000000000000710542735760100	52251.300000000000000710542735760100	52136.000000000000000000000000000000
159	53869.000000000000000000000000000000	52537.600000000000001421085471520200	53118.500000000000000000000000000000	55754.899999999999998578914528479800	50624.199999999999999289457264239900	53999.300000000000000710542735760100	52251.300000000000000710542735760100	52136.000000000000000000000000000000
160	53869.000000000000000000000000000000	52537.600000000000001421085471520200	53118.500000000000000000000000000000	55754.899999999999998578914528479800	50624.199999999999999289457264239900	53999.300000000000000710542735760100	52251.300000000000000710542735760100	52136.000000000000000000000000000000
161	53870.199999999999999289457264239900	52537.600000000000001421085471520200	53118.500000000000000000000000000000	55754.899999999999998578914528479800	50624.199999999999999289457264239900	53999.300000000000000710542735760100	52251.300000000000000710542735760100	52136.000000000000000000000000000000
162	53870.199999999999999289457264239900	52537.600000000000001421085471520200	53118.500000000000000000000000000000	55754.899999999999998578914528479800	50624.199999999999999289457264239900	53999.300000000000000710542735760100	52251.300000000000000710542735760100	52136.000000000000000000000000000000
163	53870.199999999999999289457264239900	52537.600000000000001421085471520200	53118.500000000000000000000000000000	55754.899999999999998578914528479800	50624.199999999999999289457264239900	53999.300000000000000710542735760100	52251.300000000000000710542735760100	52136.000000000000000000000000000000
164	53870.199999999999999289457264239900	52537.600000000000001421085471520200	53118.500000000000000000000000000000	55754.899999999999998578914528479800	50624.199999999999999289457264239900	53999.300000000000000710542735760100	52251.300000000000000710542735760100	52136.000000000000000000000000000000
165	53870.199999999999999289457264239900	52537.600000000000001421085471520200	53118.500000000000000000000000000000	55754.899999999999998578914528479800	50624.199999999999999289457264239900	53999.300000000000000710542735760100	52251.300000000000000710542735760100	52136.000000000000000000000000000000
166	53870.199999999999999289457264239900	52537.600000000000001421085471520200	53118.500000000000000000000000000000	55754.899999999999998578914528479800	50624.199999999999999289457264239900	53999.300000000000000710542735760100	52251.300000000000000710542735760100	52136.000000000000000000000000000000
167	53870.199999999999999289457264239900	52537.600000000000001421085471520200	53118.500000000000000000000000000000	55754.899999999999998578914528479800	50624.199999999999999289457264239900	53999.300000000000000710542735760100	52251.300000000000000710542735760100	52136.000000000000000000000000000000
168	53870.199999999999999289457264239900	52537.600000000000001421085471520200	53118.500000000000000000000000000000	55754.899999999999998578914528479800	50624.199999999999999289457264239900	53999.300000000000000710542735760100	52251.300000000000000710542735760100	52136.000000000000000000000000000000
169	53870.199999999999999289457264239900	52537.600000000000001421085471520200	53118.500000000000000000000000000000	55754.899999999999998578914528479800	50624.199999999999999289457264239900	53999.300000000000000710542735760100	52251.300000000000000710542735760100	52136.000000000000000000000000000000
170	53870.199999999999999289457264239900	52537.600000000000001421085471520200	53118.500000000000000000000000000000	55754.899999999999998578914528479800	50624.199999999999999289457264239900	53999.300000000000000710542735760100	52251.300000000000000710542735760100	52136.000000000000000000000000000000
171	53870.199999999999999289457264239900	52537.600000000000001421085471520200	53118.500000000000000000000000000000	55754.899999999999998578914528479800	50624.199999999999999289457264239900	53999.300000000000000710542735760100	52251.300000000000000710542735760100	52136.000000000000000000000000000000
172	53870.199999999999999289457264239900	52537.600000000000001421085471520200	53118.500000000000000000000000000000	55754.899999999999998578914528479800	50624.199999999999999289457264239900	53999.300000000000000710542735760100	52251.300000000000000710542735760100	52136.000000000000000000000000000000
173	53870.199999999999999289457264239900	52537.600000000000001421085471520200	53118.500000000000000000000000000000	55754.899999999999998578914528479800	50624.199999999999999289457264239900	53999.300000000000000710542735760100	52251.300000000000000710542735760100	52136.000000000000000000000000000000
174	53870.199999999999999289457264239900	52537.600000000000001421085471520200	53118.500000000000000000000000000000	55754.899999999999998578914528479800	50624.199999999999999289457264239900	53999.300000000000000710542735760100	52251.300000000000000710542735760100	52136.000000000000000000000000000000
175	53870.199999999999999289457264239900	52537.600000000000001421085471520200	53118.500000000000000000000000000000	55754.899999999999998578914528479800	50624.199999999999999289457264239900	53999.300000000000000710542735760100	52251.300000000000000710542735760100	52136.000000000000000000000000000000
176	53870.199999999999999289457264239900	52537.600000000000001421085471520200	53118.500000000000000000000000000000	55754.899999999999998578914528479800	50624.199999999999999289457264239900	53999.300000000000000710542735760100	52251.300000000000000710542735760100	52136.000000000000000000000000000000
177	53870.199999999999999289457264239900	52537.600000000000001421085471520200	53118.500000000000000000000000000000	55754.899999999999998578914528479800	50624.199999999999999289457264239900	53999.300000000000000710542735760100	52251.300000000000000710542735760100	52136.000000000000000000000000000000
178	53870.199999999999999289457264239900	52537.600000000000001421085471520200	53118.500000000000000000000000000000	55754.899999999999998578914528479800	50624.199999999999999289457264239900	53999.300000000000000710542735760100	52251.300000000000000710542735760100	52136.000000000000000000000000000000
179	53870.199999999999999289457264239900	52537.600000000000001421085471520200	53118.500000000000000000000000000000	55754.899999999999998578914528479800	50624.199999999999999289457264239900	53999.300000000000000710542735760100	52251.300000000000000710542735760100	52136.000000000000000000000000000000
180	53870.199999999999999289457264239900	52537.600000000000001421085471520200	53118.500000000000000000000000000000	55754.899999999999998578914528479800	50624.199999999999999289457264239900	53999.300000000000000710542735760100	52251.300000000000000710542735760100	52136.000000000000000000000000000000
181	53870.199999999999999289457264239900	52537.600000000000001421085471520200	53118.500000000000000000000000000000	55754.899999999999998578914528479800	50624.199999999999999289457264239900	53999.300000000000000710542735760100	52251.300000000000000710542735760100	52136.000000000000000000000000000000
182	53870.199999999999999289457264239900	52537.600000000000001421085471520200	53118.500000000000000000000000000000	55754.899999999999998578914528479800	50624.199999999999999289457264239900	53999.300000000000000710542735760100	52251.300000000000000710542735760100	52136.000000000000000000000000000000
183	53870.199999999999999289457264239900	52537.600000000000001421085471520200	53118.500000000000000000000000000000	55754.899999999999998578914528479800	50624.199999999999999289457264239900	53999.300000000000000710542735760100	52251.300000000000000710542735760100	52136.000000000000000000000000000000
184	53870.199999999999999289457264239900	52537.600000000000001421085471520200	53118.500000000000000000000000000000	55754.899999999999998578914528479800	50624.199999999999999289457264239900	53999.300000000000000710542735760100	52251.300000000000000710542735760100	52136.000000000000000000000000000000
185	53870.199999999999999289457264239900	52537.600000000000001421085471520200	53118.500000000000000000000000000000	55754.899999999999998578914528479800	50624.199999999999999289457264239900	53999.300000000000000710542735760100	52251.300000000000000710542735760100	52136.000000000000000000000000000000
186	53870.199999999999999289457264239900	52537.600000000000001421085471520200	53118.500000000000000000000000000000	55754.899999999999998578914528479800	50624.199999999999999289457264239900	53999.300000000000000710542735760100	52251.300000000000000710542735760100	52136.000000000000000000000000000000
187	53870.199999999999999289457264239900	52537.600000000000001421085471520200	53118.500000000000000000000000000000	55754.899999999999998578914528479800	50624.199999999999999289457264239900	53999.300000000000000710542735760100	52251.300000000000000710542735760100	52136.000000000000000000000000000000
188	53870.199999999999999289457264239900	52537.600000000000001421085471520200	53118.500000000000000000000000000000	55754.899999999999998578914528479800	50624.199999999999999289457264239900	53999.300000000000000710542735760100	52251.300000000000000710542735760100	52136.000000000000000000000000000000
189	53870.199999999999999289457264239900	52537.600000000000001421085471520200	53118.500000000000000000000000000000	55754.899999999999998578914528479800	50624.199999999999999289457264239900	53999.300000000000000710542735760100	52251.300000000000000710542735760100	52136.000000000000000000000000000000
190	53870.199999999999999289457264239900	52537.600000000000001421085471520200	53118.500000000000000000000000000000	55754.899999999999998578914528479800	50624.199999999999999289457264239900	53999.300000000000000710542735760100	52251.300000000000000710542735760100	52152.000000000000000000000000000000
191	53870.199999999999999289457264239900	52537.600000000000001421085471520200	53118.500000000000000000000000000000	55754.899999999999998578914528479800	50624.199999999999999289457264239900	53999.300000000000000710542735760100	52251.300000000000000710542735760100	52152.000000000000000000000000000000
192	53870.199999999999999289457264239900	52537.600000000000001421085471520200	53118.500000000000000000000000000000	55754.899999999999998578914528479800	50624.199999999999999289457264239900	53999.300000000000000710542735760100	52251.300000000000000710542735760100	52152.000000000000000000000000000000
193	53870.199999999999999289457264239900	52537.600000000000001421085471520200	53118.500000000000000000000000000000	55754.899999999999998578914528479800	50624.199999999999999289457264239900	53999.300000000000000710542735760100	52251.300000000000000710542735760100	52152.000000000000000000000000000000
194	53870.199999999999999289457264239900	52537.600000000000001421085471520200	53118.500000000000000000000000000000	55754.899999999999998578914528479800	50624.199999999999999289457264239900	53999.300000000000000710542735760100	52251.300000000000000710542735760100	52152.000000000000000000000000000000
195	53870.199999999999999289457264239900	52537.600000000000001421085471520200	53118.500000000000000000000000000000	55754.899999999999998578914528479800	50624.199999999999999289457264239900	53999.300000000000000710542735760100	52251.300000000000000710542735760100	52160.000000000000000000000000000000
196	53870.199999999999999289457264239900	52537.600000000000001421085471520200	53118.500000000000000000000000000000	55754.899999999999998578914528479800	50624.199999999999999289457264239900	53999.300000000000000710542735760100	52251.300000000000000710542735760100	52160.000000000000000000000000000000
197	53870.199999999999999289457264239900	52537.600000000000001421085471520200	53118.500000000000000000000000000000	55754.899999999999998578914528479800	50624.199999999999999289457264239900	53999.300000000000000710542735760100	52251.300000000000000710542735760100	52160.000000000000000000000000000000
198	53870.199999999999999289457264239900	52537.600000000000001421085471520200	53118.500000000000000000000000000000	55754.899999999999998578914528479800	50624.199999999999999289457264239900	53999.300000000000000710542735760100	52251.300000000000000710542735760100	52160.000000000000000000000000000000
199	53870.199999999999999289457264239900	52537.600000000000001421085471520200	53118.500000000000000000000000000000	55754.899999999999998578914528479800	50624.199999999999999289457264239900	53999.300000000000000710542735760100	52251.300000000000000710542735760100	52160.000000000000000000000000000000
200	53870.199999999999999289457264239900	52537.600000000000001421085471520200	53118.500000000000000000000000000000	55754.899999999999998578914528479800	50624.199999999999999289457264239900	53999.300000000000000710542735760100	52251.300000000000000710542735760100	52160.000000000000000000000000000000
201	53870.199999999999999289457264239900	52537.600000000000001421085471520200	53118.500000000000000000000000000000	55754.899999999999998578914528479800	50624.199999999999999289457264239900	53999.300000000000000710542735760100	52251.300000000000000710542735760100	52160.000000000000000000000000000000
202	53870.199999999999999289457264239900	52537.600000000000001421085471520200	53118.500000000000000000000000000000	55754.899999999999998578914528479800	50624.199999999999999289457264239900	53999.300000000000000710542735760100	52251.300000000000000710542735760100	52160.000000000000000000000000000000
203	53870.199999999999999289457264239900	52537.600000000000001421085471520200	53118.500000000000000000000000000000	55754.899999999999998578914528479800	50624.199999999999999289457264239900	53999.300000000000000710542735760100	52251.300000000000000710542735760100	52160.000000000000000000000000000000
204	53870.199999999999999289457264239900	52537.600000000000001421085471520200	53118.500000000000000000000000000000	55754.899999999999998578914528479800	50624.199999999999999289457264239900	53999.300000000000000710542735760100	52251.300000000000000710542735760100	52160.000000000000000000000000000000
205	53870.199999999999999289457264239900	52537.600000000000001421085471520200	53118.500000000000000000000000000000	55754.899999999999998578914528479800	50624.199999999999999289457264239900	53999.300000000000000710542735760100	52251.300000000000000710542735760100	52160.000000000000000000000000000000
206	53870.199999999999999289457264239900	52537.600000000000001421085471520200	53118.500000000000000000000000000000	55754.899999999999998578914528479800	50624.199999999999999289457264239900	53999.300000000000000710542735760100	52251.300000000000000710542735760100	52160.000000000000000000000000000000
207	53870.199999999999999289457264239900	52537.600000000000001421085471520200	53118.500000000000000000000000000000	55754.899999999999998578914528479800	50624.199999999999999289457264239900	53999.300000000000000710542735760100	52251.300000000000000710542735760100	52160.000000000000000000000000000000
208	53870.199999999999999289457264239900	52537.600000000000001421085471520200	53118.500000000000000000000000000000	55754.899999999999998578914528479800	50624.199999999999999289457264239900	53999.300000000000000710542735760100	52251.300000000000000710542735760100	52160.000000000000000000000000000000
209	53870.199999999999999289457264239900	52537.600000000000001421085471520200	53118.500000000000000000000000000000	55754.899999999999998578914528479800	50624.199999999999999289457264239900	53999.300000000000000710542735760100	52251.300000000000000710542735760100	52160.000000000000000000000000000000
210	53870.199999999999999289457264239900	52537.600000000000001421085471520200	53118.500000000000000000000000000000	55754.899999999999998578914528479800	50624.199999999999999289457264239900	53999.300000000000000710542735760100	52251.300000000000000710542735760100	52160.000000000000000000000000000000
211	53870.199999999999999289457264239900	52537.600000000000001421085471520200	53118.500000000000000000000000000000	55770.899999999999998578914528479800	50624.199999999999999289457264239900	53999.300000000000000710542735760100	52251.300000000000000710542735760100	52160.000000000000000000000000000000
212	53870.199999999999999289457264239900	52537.600000000000001421085471520200	53118.500000000000000000000000000000	55770.899999999999998578914528479800	50624.199999999999999289457264239900	53999.300000000000000710542735760100	52251.300000000000000710542735760100	52160.000000000000000000000000000000
213	53870.199999999999999289457264239900	52537.600000000000001421085471520200	53118.500000000000000000000000000000	55770.899999999999998578914528479800	50624.199999999999999289457264239900	53999.300000000000000710542735760100	52251.300000000000000710542735760100	52160.000000000000000000000000000000
214	53870.199999999999999289457264239900	52537.600000000000001421085471520200	53118.500000000000000000000000000000	55770.899999999999998578914528479800	50624.199999999999999289457264239900	53999.300000000000000710542735760100	52251.300000000000000710542735760100	52160.000000000000000000000000000000
215	53870.199999999999999289457264239900	52537.600000000000001421085471520200	53118.500000000000000000000000000000	55770.899999999999998578914528479800	50624.199999999999999289457264239900	53999.300000000000000710542735760100	52251.300000000000000710542735760100	52160.000000000000000000000000000000
216	53870.199999999999999289457264239900	52537.600000000000001421085471520200	53118.500000000000000000000000000000	55770.899999999999998578914528479800	50624.199999999999999289457264239900	53999.300000000000000710542735760100	52251.300000000000000710542735760100	52160.000000000000000000000000000000
217	53870.199999999999999289457264239900	52537.600000000000001421085471520200	53118.500000000000000000000000000000	55770.899999999999998578914528479800	50624.199999999999999289457264239900	53999.300000000000000710542735760100	52251.300000000000000710542735760100	52160.000000000000000000000000000000
218	53870.199999999999999289457264239900	52537.600000000000001421085471520200	53118.500000000000000000000000000000	55770.899999999999998578914528479800	50624.199999999999999289457264239900	53999.300000000000000710542735760100	52251.300000000000000710542735760100	52160.000000000000000000000000000000
219	53870.199999999999999289457264239900	52537.600000000000001421085471520200	53118.500000000000000000000000000000	55770.899999999999998578914528479800	50624.199999999999999289457264239900	53999.300000000000000710542735760100	52251.300000000000000710542735760100	52160.000000000000000000000000000000
220	53870.199999999999999289457264239900	52537.600000000000001421085471520200	53118.500000000000000000000000000000	55770.899999999999998578914528479800	50624.199999999999999289457264239900	53999.300000000000000710542735760100	52251.300000000000000710542735760100	52160.000000000000000000000000000000
221	53870.199999999999999289457264239900	52537.600000000000001421085471520200	53118.500000000000000000000000000000	55770.899999999999998578914528479800	50624.199999999999999289457264239900	53999.300000000000000710542735760100	52251.300000000000000710542735760100	52160.000000000000000000000000000000
222	53870.199999999999999289457264239900	52537.600000000000001421085471520200	53118.500000000000000000000000000000	55770.899999999999998578914528479800	50624.199999999999999289457264239900	53999.300000000000000710542735760100	52251.300000000000000710542735760100	52160.000000000000000000000000000000
223	53870.199999999999999289457264239900	52537.600000000000001421085471520200	53118.500000000000000000000000000000	55770.899999999999998578914528479800	50624.199999999999999289457264239900	53999.300000000000000710542735760100	52251.300000000000000710542735760100	52160.000000000000000000000000000000
224	53870.199999999999999289457264239900	52537.600000000000001421085471520200	53118.500000000000000000000000000000	55770.899999999999998578914528479800	50624.199999999999999289457264239900	53999.300000000000000710542735760100	52251.300000000000000710542735760100	52160.000000000000000000000000000000
225	53870.199999999999999289457264239900	52537.600000000000001421085471520200	53118.500000000000000000000000000000	55770.899999999999998578914528479800	50624.199999999999999289457264239900	53999.300000000000000710542735760100	52251.300000000000000710542735760100	52160.000000000000000000000000000000
226	53870.199999999999999289457264239900	52537.600000000000001421085471520200	53118.500000000000000000000000000000	55770.899999999999998578914528479800	50624.199999999999999289457264239900	53999.300000000000000710542735760100	52251.300000000000000710542735760100	52160.000000000000000000000000000000
227	53870.199999999999999289457264239900	52537.600000000000001421085471520200	53118.500000000000000000000000000000	55770.899999999999998578914528479800	50624.199999999999999289457264239900	53999.300000000000000710542735760100	52251.300000000000000710542735760100	52160.000000000000000000000000000000
228	53870.199999999999999289457264239900	52537.600000000000001421085471520200	53118.500000000000000000000000000000	55770.899999999999998578914528479800	50624.199999999999999289457264239900	53999.300000000000000710542735760100	52251.300000000000000710542735760100	52160.000000000000000000000000000000
229	53870.199999999999999289457264239900	52537.600000000000001421085471520200	53118.500000000000000000000000000000	55770.899999999999998578914528479800	50624.199999999999999289457264239900	53999.300000000000000710542735760100	52251.300000000000000710542735760100	52160.000000000000000000000000000000
230	53870.199999999999999289457264239900	52537.600000000000001421085471520200	53118.500000000000000000000000000000	55770.899999999999998578914528479800	50624.199999999999999289457264239900	53999.300000000000000710542735760100	52251.300000000000000710542735760100	52160.000000000000000000000000000000
231	53870.199999999999999289457264239900	52537.600000000000001421085471520200	53118.500000000000000000000000000000	55770.899999999999998578914528479800	50624.199999999999999289457264239900	53999.300000000000000710542735760100	52251.300000000000000710542735760100	52160.000000000000000000000000000000
232	53870.199999999999999289457264239900	52537.600000000000001421085471520200	53118.500000000000000000000000000000	55770.899999999999998578914528479800	50624.199999999999999289457264239900	53999.300000000000000710542735760100	52251.300000000000000710542735760100	52160.000000000000000000000000000000
233	53870.199999999999999289457264239900	52537.600000000000001421085471520200	53118.500000000000000000000000000000	55770.899999999999998578914528479800	50624.199999999999999289457264239900	53999.300000000000000710542735760100	52251.300000000000000710542735760100	52160.000000000000000000000000000000
234	53870.199999999999999289457264239900	52537.600000000000001421085471520200	53118.500000000000000000000000000000	55770.899999999999998578914528479800	50624.199999999999999289457264239900	53999.300000000000000710542735760100	52251.300000000000000710542735760100	52160.000000000000000000000000000000
235	53870.199999999999999289457264239900	52537.600000000000001421085471520200	53118.500000000000000000000000000000	55770.899999999999998578914528479800	50624.199999999999999289457264239900	53999.300000000000000710542735760100	52251.300000000000000710542735760100	52160.000000000000000000000000000000
236	53870.199999999999999289457264239900	52537.600000000000001421085471520200	53118.500000000000000000000000000000	55770.899999999999998578914528479800	50624.199999999999999289457264239900	53999.300000000000000710542735760100	52251.300000000000000710542735760100	52160.000000000000000000000000000000
237	53870.199999999999999289457264239900	52537.600000000000001421085471520200	53118.500000000000000000000000000000	55770.899999999999998578914528479800	50624.199999999999999289457264239900	53999.300000000000000710542735760100	52251.300000000000000710542735760100	52160.000000000000000000000000000000
238	53870.199999999999999289457264239900	52537.600000000000001421085471520200	53118.500000000000000000000000000000	55770.899999999999998578914528479800	50624.199999999999999289457264239900	53999.300000000000000710542735760100	52251.300000000000000710542735760100	52160.000000000000000000000000000000
239	53870.199999999999999289457264239900	52537.600000000000001421085471520200	53118.500000000000000000000000000000	55770.899999999999998578914528479800	50624.199999999999999289457264239900	53999.300000000000000710542735760100	52251.300000000000000710542735760100	52160.000000000000000000000000000000
240	53870.199999999999999289457264239900	52537.600000000000001421085471520200	53118.500000000000000000000000000000	55770.899999999999998578914528479800	50624.199999999999999289457264239900	53999.300000000000000710542735760100	52251.300000000000000710542735760100	52160.000000000000000000000000000000
241	53870.199999999999999289457264239900	52537.600000000000001421085471520200	53118.500000000000000000000000000000	55770.899999999999998578914528479800	50624.199999999999999289457264239900	53999.300000000000000710542735760100	52251.300000000000000710542735760100	52160.000000000000000000000000000000
242	53870.199999999999999289457264239900	52537.600000000000001421085471520200	53118.500000000000000000000000000000	55770.899999999999998578914528479800	50624.199999999999999289457264239900	53999.300000000000000710542735760100	52251.300000000000000710542735760100	52160.000000000000000000000000000000
243	53870.199999999999999289457264239900	52537.600000000000001421085471520200	53118.500000000000000000000000000000	55770.899999999999998578914528479800	50624.199999999999999289457264239900	53999.300000000000000710542735760100	52251.300000000000000710542735760100	52160.000000000000000000000000000000
244	53870.199999999999999289457264239900	52537.600000000000001421085471520200	53118.500000000000000000000000000000	55770.899999999999998578914528479800	50624.199999999999999289457264239900	53999.300000000000000710542735760100	52251.300000000000000710542735760100	52160.000000000000000000000000000000
245	53870.199999999999999289457264239900	52537.600000000000001421085471520200	53118.500000000000000000000000000000	55770.899999999999998578914528479800	50624.199999999999999289457264239900	53999.300000000000000710542735760100	52251.300000000000000710542735760100	52160.000000000000000000000000000000
246	53870.199999999999999289457264239900	52537.600000000000001421085471520200	53118.500000000000000000000000000000	55770.899999999999998578914528479800	50624.199999999999999289457264239900	53999.300000000000000710542735760100	52251.300000000000000710542735760100	52160.000000000000000000000000000000
247	53870.199999999999999289457264239900	52537.600000000000001421085471520200	53118.500000000000000000000000000000	55770.899999999999998578914528479800	50624.199999999999999289457264239900	53999.300000000000000710542735760100	52251.300000000000000710542735760100	52160.000000000000000000000000000000
248	53870.199999999999999289457264239900	52537.600000000000001421085471520200	53118.500000000000000000000000000000	55770.899999999999998578914528479800	50624.199999999999999289457264239900	53999.300000000000000710542735760100	52251.300000000000000710542735760100	52160.000000000000000000000000000000
249	53870.199999999999999289457264239900	52537.600000000000001421085471520200	53118.500000000000000000000000000000	55770.899999999999998578914528479800	50624.199999999999999289457264239900	53999.300000000000000710542735760100	52251.300000000000000710542735760100	52160.000000000000000000000000000000
250	53870.199999999999999289457264239900	52537.600000000000001421085471520200	53118.500000000000000000000000000000	55770.899999999999998578914528479800	50624.199999999999999289457264239900	53999.300000000000000710542735760100	52251.300000000000000710542735760100	52160.000000000000000000000000000000
