0	0	41212.3	14332.2	512
1	1	41212.3	25543.8	8664.13
2	2	42062.5	31534.9	15349.2
3	3	45487.8	35068.4	16112.7
4	4	45547.9	37792.6	17418.5
5	5	45547.9	38313	14647.5
6	6	47002.8	41330	17950.4
7	7	47002.8	43071.6	17042.6
8	8	48714.4	44173	18720.9
9	9	48714.4	45034.1	32342.2
10	10	49832.4	45617.1	30386.5
11	11	49832.4	45869.6	24584
12	12	50220.6	46678.3	26047.1
13	13	50220.6	47478.3	31476
14	14	50266.9	47720.4	27472.8
15	15	50266.9	48155.2	30731.6
16	16	50542.7	48290	23179.5
17	17	50542.7	48052.8	24057.2
18	18	50543.3	47608.2	18123.4
19	19	50543.3	48262.2	21035.4
20	20	50543.3	47782.7	18497.5
21	21	50550.7	48737.1	29583.3
22	22	50622.7	47949.8	17528.6
23	23	50661.3	47825	18056.2
24	24	51568.4	48341.6	28129.2
25	25	51568.4	47916	17367.1
26	26	51568.4	47286.2	16307
27	27	51568.4	48593.1	18658.6
28	28	51568.4	46800.3	3004.38
29	29	51686.4	49054.3	24482.9
30	30	51686.4	49949.9	32744.4
31	31	51686.4	48672.4	18061.1
32	32	51686.4	48533.1	17259.6
33	33	51783.8	49310.9	29014.7
34	34	51821.8	48545.5	17367.1
35	35	51821.8	49012.5	28305.1
36	36	51821.8	49534.4	23197.3
37	37	51821.8	49409.3	24822
38	38	52189.1	50009.2	32266.8
39	39	52189.1	49390.5	30402.5
40	40	52189.1	48959.8	28014.2
41	41	52189.1	49517.3	29284.6
42	42	52189.7	49470.9	24483.4
43	43	52189.7	50295.7	33336.5
44	44	52269.1	49669.4	30806.1
45	45	52269.1	50229.4	29697.4
46	46	52277.1	50682.2	30831.8
47	47	52277.1	50119.4	30931.5
48	48	52277.1	49675.3	28620.9
49	49	52321.1	49679.8	17420.3
50	50	52350	49771.8	29457.5
51	51	52358	49757	31713.9
52	52	52358	49992.1	29284.6
53	53	52358	49049.3	18056.2
54	54	52365	50149.1	24822
55	55	52365	50285.6	31424
56	56	52379.6	50260.7	29915.8
57	57	52379.6	49601.8	21173.4
58	58	52379.6	50356.4	32810.8
59	59	52387.6	50410.2	32336.3
60	60	52387.6	49999.2	31372.9
61	61	52387.6	49864	30665
62	62	52387.6	49652.7	31232.4
63	63	52387.6	50204.7	32378.5
64	64	52387.6	49705.5	28408.3
65	65	52387.6	49884.1	30974.9
66	66	52387.6	50217.9	32378.5
67	67	52395.6	50384.2	30665
68	68	52395.6	50060.3	32256.2
69	69	52395.6	49981	30717.4
70	70	52395.6	49994.1	32256.2
71	71	52395.6	49988.7	28297.1
72	72	52395.6	50161.5	28780.6
73	73	52395.6	50255.3	27880.5
74	74	52395.6	49886.6	23555.4
75	75	52395.6	49790.8	29312.7
76	76	52395.6	49409.1	23555.4
77	77	52417.9	49644.5	26583
78	78	52417.9	49794.6	22732.2
79	79	52417.9	49396.1	25129
80	80	52459.6	49986.8	30021.5
81	81	52459.6	49587.1	17167.5
82	82	52459.6	49908.2	24618.8
83	83	52491.6	50371	31403.1
84	84	52491.6	49506.4	17992.9
85	85	52492.2	50741.8	33961.2
86	86	52492.2	49805.1	18356.1
87	87	52492.2	50705	33557.7
88	88	52492.2	50638.8	34426
89	89	52499.6	50351.9	30806.1
90	90	52532.2	50001.5	27480.7
91	91	52532.2	50535.1	23494.7
92	92	52532.2	50370	31277.7
93	93	52532.2	50589.6	32261.6
94	94	52532.2	50233.6	30842.4
95	95	52532.2	50632.2	33574.9
96	96	52532.2	49806.1	30519.8
97	97	52532.2	50442.4	31574.1
98	98	52532.2	49968.7	27480.7
99	99	52532.2	50727.3	37040.6
100	100	52532.2	50437	31574.1
101	101	52532.2	50468	26706.8
102	102	52532.2	50336.6	30542.9
103	103	52532.2	50633.6	35647.6
104	104	52532.2	50266.9	30240.1
105	105	52532.2	50172.2	29239.3
106	106	52532.2	50261.2	31574.1
107	107	52532.2	49967.5	25489
108	108	52532.2	49857.9	30665
109	109	52532.2	50584.5	32430.6
110	110	52532.2	50367.6	30667.2
111	111	52532.2	50048.4	23994.5
112	112	52532.2	50107.9	30665
113	113	52532.2	50227	30904
114	114	52532.2	50106.9	27480.7
115	115	52532.2	50638.1	33642.9
116	116	52532.2	50338.1	32520.4
117	117	52532.2	50149.7	30667.2
118	118	52532.2	50364.7	31067
119	119	52532.2	50506.8	31408.4
120	120	52532.2	49587	18722.6
121	121	52532.2	50355.1	30806.1
122	122	52532.2	50355	30197.1
123	123	52532.2	50695	34349.1
124	124	52532.2	50406.8	31010.5
125	125	52532.2	50299.8	30667.2
126	126	52532.2	50218.5	32591.3
127	127	52532.2	50541.8	26256.7
128	128	52537.6	50341.5	31306.7
129	129	52537.6	50346	31408.4
130	130	52537.6	50232.6	28189
131	131	52537.6	50421	30019.4
132	132	52537.6	50484.5	34156.2
133	133	52537.6	50093.4	30168.2
134	134	52537.6	50205.7	34259.5
135	135	52537.6	50091.1	30794.6
136	136	52537.6	50441.5	34663.3
137	137	52537.6	50540.9	33440.9
138	138	52537.6	49958.8	32886.8
139	139	52537.6	49996.9	30794.6
140	140	52537.6	50138.7	34061.5
141	141	52537.6	50170.2	33128.7
142	142	52537.6	50272.9	29264.8
143	143	52537.6	50266.8	33128.7
144	144	52537.6	50187.7	33181.8
145	145	52537.6	50775.2	36863
146	146	52537.6	50493.1	33997.5
147	147	52537.6	50352.5	33915.8
148	148	52537.6	50376.7	33335.1
149	149	52537.6	49863.1	32546.6
150	150	52537.6	50768.7	34536.5
151	151	52537.6	50211	33472.1
152	152	52537.6	50224.9	34021.2
153	153	52537.6	50583.2	33128.7
154	154	52537.6	51019.3	37147
155	155	52537.6	50360.2	32546.6
156	156	52537.6	50488.4	33219.1
157	157	52537.6	49554.2	26989
158	158	52537.6	50115.6	30794.6
159	159	52537.6	50190.7	33223.4
160	160	52537.6	49886.5	28144.4
161	161	52537.6	50034.8	31072.2
162	162	52537.6	50245.2	30841
163	163	52537.6	50428.5	33359.1
164	164	52537.6	49819.2	29357.8
165	165	52537.6	50059.7	32063.1
166	166	52537.6	49979.6	33204.4
167	167	52537.6	50237.7	33553.7
168	168	52537.6	50333.3	32542
169	169	52537.6	50261.1	33162.9
170	170	52537.6	50537.1	34071.8
171	171	52537.6	50727.1	34021.2
172	172	52537.6	50270.1	31204.1
173	173	52537.6	50069.9	32879.2
174	174	52537.6	50308.8	32375
175	175	52537.6	50448.9	32899
176	176	52537.6	50319.1	30124.6
177	177	52537.6	50355.6	31409.4
178	178	52537.6	50036.5	31148.3
179	179	52537.6	50718.1	33181.8
180	180	52537.6	49697.8	28191.6
181	181	52537.6	50789.1	35727.8
182	182	52537.6	50561	32354.9
183	183	52537.6	50389.2	33422.9
184	184	52537.6	50005.5	25099.4
185	185	52537.6	50062	30780.8
186	186	52537.6	50062.5	33942.2
187	187	52537.6	50085	32594.7
188	188	52537.6	50673.1	33621.8
189	189	52537.6	50558.2	33594.2
190	190	52537.6	50619.6	34810
191	191	52537.6	50013.2	29517.2
192	192	52537.6	50595.4	34252.2
193	193	52537.6	49239.6	23766.7
194	194	52537.6	49879.9	28697.9
195	195	52537.6	50614.3	34021.2
196	196	52537.6	50156	32200.9
197	197	52537.6	49637.5	23234.3
198	198	52537.6	50663	36565.5
199	199	52537.6	50217.9	34066.9
200	200	52537.6	50828.9	34922.1
201	201	52537.6	50058.4	32758
202	202	52537.6	50504.9	33978.5
203	203	52537.6	50518.9	34065.3
204	204	52537.6	50059	23179.5
205	205	52537.6	50071.8	29844.2
206	206	52537.6	50702.6	32588
207	207	52537.6	50545.6	33472.1
208	208	52537.6	49673.2	25891.9
209	209	52537.6	50087.9	30458
210	210	52537.6	50230.3	28397.4
211	211	52537.6	50435.6	32457.7
212	212	52537.6	49425.8	26403.5
213	213	52537.6	50084.9	30633.1
214	214	52537.6	50141.7	29493.4
215	215	52537.6	50244.1	30882.4
216	216	52537.6	50339.3	33540.7
217	217	52537.6	50331.6	30442.8
218	218	52537.6	50206.9	29270.7
219	219	52537.6	50077.3	30886.8
220	220	52537.6	50430.9	34985.3
221	221	52537.6	50221.4	31341.9
222	222	52537.6	50199.1	27574.9
223	223	52537.6	50594.9	33520.1
224	224	52537.6	50145.1	31644.6
225	225	52537.6	49913.7	26300.2
226	226	52537.6	50279.6	32805.4
227	227	52537.6	50352.2	32546.6
228	228	52537.6	50368.5	32072.9
229	229	52537.6	50637.7	34115
230	230	52537.6	50442.3	33108.6
231	231	52537.6	50441.7	30143.3
232	232	52537.6	50157.2	31475.8
233	233	52537.6	50525.7	34307.8
234	234	52537.6	49905.5	24130.9
235	235	52537.6	50229.7	33115.1
236	236	52537.6	50574.7	31817.1
237	237	52537.6	50311.6	33225.8
238	238	52537.6	50102.1	31109.4
239	239	52537.6	50326.3	32086.5
240	240	52537.6	50140.9	31456.8
241	241	52537.6	50438.2	32115.8
242	242	52537.6	49431.9	20901
243	243	52537.6	50095.8	29856.4
244	244	52537.6	49959.8	29781.5
245	245	52537.6	50079.6	27147.1
246	246	52537.6	50021.5	29847.6
247	247	52537.6	50103.6	29998.6
248	248	52537.6	50630.2	34026.3
249	249	52537.6	50069.9	27288.7
250	250	52537.6	50485	35371.3
