0	454	217.522	100	303	145.184	67
1	489	193.448	80	292	124.76	15
2	508	182.238	87	304	113.028	13
3	538	208.06	103	304	123.3	11
4	624	242.166	103	308	133.704	13
5	489	262.554	96	284	138.636	44
6	489	305.188	123	208	150.574	13
7	489	429.752	128	239	171.85	41
8	489	488.604	291	219	183.602	13
9	489	489	489	202	184.286	83
10	489	489	489	219	184.23	64
11	489	489	489	219	183.254	43
12	489	489	489	219	184.238	64
13	489	489	489	193	183.636	61
14	489	489	489	205	184.922	61
15	489	489	489	219	183.868	64
16	489	489	489	205	183.298	13
17	489	489	489	219	182.826	40
18	489	489	489	219	183.958	83
19	489	489	489	219	183.206	13
20	489	489	489	219	182.648	13
21	489	489	489	202	184.146	64
22	489	489	489	202	183.076	40
23	489	489	489	219	181.926	13
24	489	489	489	219	183.982	83
25	489	489	489	202	183.158	42
26	489	489	489	239	182.702	13
27	489	489	489	202	183.53	83
28	489	489	489	219	182.942	40
29	489	489	489	202	183.096	42
30	489	489	489	219	184.29	64
31	489	489	489	219	183.83	13
32	489	489	489	219	183.336	40
33	489	489	489	219	184.458	83
34	489	489	489	219	184.272	42
35	489	489	489	192	184.464	64
36	489	489	489	205	184.28	40
37	489	489	489	205	184.45	42
38	489	489	489	192	184.448	97
39	489	489	489	202	184.322	64
40	489	489	489	219	182.7	40
41	489	489	489	197	183.726	49
42	489	489	489	202	183.608	40
43	489	489	489	221	185.184	97
44	489	489	489	219	184.668	64
45	489	489	489	192	183.564	64
46	489	489	489	219	184.874	83
47	489	489	489	202	184.388	97
48	489	489	489	219	183.7	40
49	489	489	489	202	181.882	13
50	489	489	489	219	183.254	40
51	489	489	489	219	184.636	83
52	489	489	489	219	183.47	40
53	489	489	489	265	181.838	32
54	489	489	489	197	183.866	42
55	489	489	489	197	184.828	102
56	489	489	489	219	184.458	40
57	489	489	489	205	182.4	13
58	489	489	489	219	185.06	113
59	489	489	489	219	184.784	101
60	489	489	489	219	184.624	83
61	489	489	489	202	183.85	40
62	489	489	489	219	183.464	83
63	489	489	489	219	184.982	101
64	489	489	489	219	183.358	40
65	489	489	489	219	183.798	40
66	489	489	489	193	183.776	62
67	489	489	489	219	184.52	40
68	489	489	489	197	184.028	91
69	489	489	489	219	184.136	64
70	489	489	489	202	184.648	91
71	489	489	489	219	183.758	40
72	489	489	489	202	183.326	91
73	489	489	489	202	183.118	40
74	489	489	489	205	183.998	40
75	489	489	489	202	183.702	40
76	489	489	489	202	183.602	40
77	489	489	489	205	183.132	64
78	489	489	489	202	184.074	40
79	489	489	489	205	182.96	40
80	489	489	489	202	183.382	40
81	489	489	489	256	183.986	64
82	489	489	489	202	182.652	40
83	489	489	489	202	183.514	83
84	489	489	489	205	183.442	40
85	489	489	489	202	184.886	161
86	489	489	489	205	183.9	40
87	489	489	489	205	184.724	140
88	489	489	489	205	185.004	172
89	489	489	489	205	183.88	64
90	489	489	489	205	183.996	40
91	489	489	489	205	184.668	40
92	489	489	489	205	183.238	61
93	489	489	489	205	184.844	91
94	489	489	489	205	184.124	80
95	489	489	489	205	184.752	91
96	489	489	489	205	183.838	64
97	489	489	489	205	184.366	91
98	489	489	489	205	183.484	40
99	489	489	489	205	184.618	108
100	489	489	489	205	183.622	83
101	489	489	489	205	184.612	91
102	489	489	489	205	184.748	64
103	489	489	489	205	185.038	108
104	489	489	489	219	183.746	40
105	489	489	489	205	183.178	40
106	489	489	489	205	184.426	40
107	489	489	489	205	183.296	64
108	489	489	489	205	183.434	40
109	489	489	489	205	184.508	91
110	489	489	489	205	184.922	128
111	489	489	489	205	182.874	13
112	489	489	489	205	183.57	40
113	489	489	489	205	184.27	64
114	489	489	489	205	183.42	40
115	489	489	489	205	184.674	91
116	489	489	489	219	184.79	91
117	489	489	489	205	184.534	40
118	489	489	489	205	183.874	83
119	489	489	489	205	184.124	64
120	489	489	489	205	183.54	13
121	489	489	489	205	184.296	64
122	489	489	489	205	184.33	40
123	489	489	489	205	184.466	13
124	489	489	489	205	184.32	80
125	489	489	489	205	184.122	36
126	489	489	489	205	185.026	108
127	489	489	489	205	184.33	37
128	489	489	489	205	184.156	83
129	489	489	489	205	184.534	64
130	489	489	489	205	183.71	40
131	489	489	489	239	183.99	40
132	489	489	489	205	184.22	91
133	489	489	489	197	183.816	64
134	489	489	489	197	183.938	91
135	489	489	489	197	183.666	83
136	489	489	489	197	184.378	91
137	489	489	489	197	184.282	83
138	489	489	489	197	184.534	46
139	489	489	489	197	184.12	83
140	489	489	489	197	183.934	97
141	489	489	489	205	185.238	172
142	489	489	489	197	183.688	40
143	489	489	489	205	184.048	91
144	489	489	489	197	184.566	13
145	489	489	489	197	184.786	108
146	489	489	489	197	184.452	91
147	489	489	489	197	184.384	61
148	489	489	489	205	184.04	91
149	489	489	489	205	183.664	83
150	489	489	489	197	184.428	83
151	489	489	489	205	184.184	91
152	489	489	489	205	184.266	91
153	489	489	489	205	184.624	91
154	489	489	489	197	184.862	91
155	489	489	489	205	184.63	97
156	489	489	489	197	184.062	62
157	489	489	489	205	182.482	13
158	489	489	489	205	183.738	83
159	489	489	489	197	184.254	83
160	489	489	489	202	183.374	13
161	489	489	489	205	184.516	77
162	489	489	489	207	183.534	64
163	489	489	489	197	184.662	64
164	489	489	489	205	182.994	64
165	489	489	489	256	184.05	91
166	489	489	489	197	184.372	105
167	489	489	489	205	183.978	83
168	489	489	489	256	184.266	91
169	489	489	489	205	184.322	97
170	489	489	489	207	184.516	91
171	489	489	489	205	184.246	83
172	489	489	489	197	184.448	108
173	489	489	489	219	184.454	97
174	489	489	489	205	184.404	83
175	489	489	489	205	184.836	108
176	489	489	489	205	184.416	91
177	489	489	489	205	184.796	83
178	489	489	489	205	184.474	105
179	489	489	489	197	184.722	91
180	489	489	489	205	183.948	64
181	489	489	489	219	185.026	118
182	489	489	489	197	184.676	83
183	489	489	489	202	184.91	118
184	489	489	489	205	182.266	13
185	489	489	489	205	184.61	118
186	489	489	489	205	184.236	38
187	489	489	489	205	184.402	83
188	489	489	489	205	184.652	103
189	489	489	489	205	184.842	108
190	489	489	489	197	184.266	91
191	489	489	489	205	184.324	38
192	489	489	489	205	184.328	64
193	489	489	489	207	181.896	11
194	489	489	489	205	184.304	42
195	489	489	489	202	184.498	64
196	489	489	489	219	184.706	64
197	489	489	489	219	183.684	42
198	489	489	489	205	184.894	118
199	489	489	489	205	184.648	83
200	489	489	489	205	184.804	97
201	489	489	489	197	183.952	83
202	489	489	489	205	184.728	105
203	489	489	489	205	184.79	97
204	489	489	489	202	183.416	13
205	489	489	489	202	183.87	64
206	489	489	489	202	184.92	128
207	489	489	489	205	184.878	128
208	489	489	489	205	183.392	64
209	489	489	489	205	184.866	64
210	489	489	489	205	184.26	61
211	489	489	489	219	184.08	64
212	489	489	489	205	182.618	13
213	489	489	489	205	184.106	37
214	489	489	489	205	184.568	83
215	489	489	489	202	183.88	64
216	489	489	489	205	185.008	118
217	489	489	489	202	184.432	83
218	489	489	489	205	184.186	64
219	489	489	489	219	184.262	83
220	489	489	489	197	184.798	143
221	489	489	489	205	183.946	83
222	489	489	489	202	184.6	97
223	489	489	489	205	184.906	128
224	489	489	489	205	184.046	83
225	489	489	489	205	183.24	13
226	489	489	489	219	184.976	83
227	489	489	489	205	184.43	97
228	489	489	489	205	184.97	128
229	489	489	489	202	184.62	64
230	489	489	489	202	184.942	143
231	489	489	489	202	184.122	91
232	489	489	489	205	184.788	128
233	489	489	489	202	184.146	64
234	489	489	489	219	184.162	56
235	489	489	489	205	184.838	91
236	489	489	489	205	184.83	128
237	489	489	489	205	184.126	97
238	489	489	489	205	184.936	97
239	489	489	489	207	184.9	106
240	489	489	489	202	184.288	64
241	489	489	489	205	184.582	64
242	489	489	489	284	183.206	38
243	489	489	489	205	184.606	64
244	489	489	489	205	184.352	83
245	489	489	489	207	183.03	39
246	489	489	489	205	184.212	55
247	489	489	489	207	183.908	39
248	489	489	489	205	184.728	97
249	489	489	489	202	184.494	118
250	489	489	489	197	184.962	97
