0	0
0	41080.550000000000000710542735760100
1	42396.900000000000002131628207280301
2	43434.000000000000003552713678800501
3	44345.475000000000001421085471520200
4	45225.112499999999997157829056959599
5	45354.662499999999997868371792719699
6	45854.850000000000001421085471520200
7	46209.987500000000000710542735760100
8	46658.462499999999998578914528479800
9	47221.150000000000002131628207280301
10	47517.912500000000001421085471520200
11	47947.475000000000001421085471520200
12	48229.837499999999998578914528479800
13	48487.674999999999997157829056959599
14	48635.387499999999999289457264239900
15	48979.537499999999997868371792719699
16	49116.537499999999994315658113919199
17	49468.074999999999999289457264239900
18	49585.512500000000002842170943040401
19	49691.325000000000002842170943040401
20	49718.562500000000003552713678800501
21	49770.199999999999999289457264239900
22	49861.924999999999997157829056959599
23	49870.075000000000002842170943040401
24	50045.274999999999998578914528479800
25	50354.762499999999999289457264239900
26	50365.762499999999999289457264239900
27	50491.324999999999999289457264239900
28	50659.724999999999997868371792719699
29	50692.724999999999997868371792719699
30	50702.625000000000000000000000000000
31	50886.037500000000001421085471520200
32	50900.774999999999998578914528479800
33	50927.037500000000001421085471520200
34	50949.112500000000000710542735760100
35	50953.200000000000002842170943040401
36	51050.950000000000002842170943040401
37	51058.400000000000005684341886080801
38	51104.312500000000003552713678800501
39	51104.312500000000003552713678800501
40	51166.024999999999998578914528479800
41	51179.062500000000000000000000000000
42	51202.962500000000002131628207280301
43	51204.037500000000001421085471520200
44	51230.687500000000000000000000000000
45	51235.437500000000000000000000000000
46	51238.175000000000000710542735760100
47	51328.237500000000000710542735760100
48	51332.237500000000000710542735760100
49	51337.737500000000000710542735760100
50	51380.100000000000001421085471520200
51	51433.774999999999998578914528479800
52	51797.899999999999998578914528479800
53	51797.899999999999998578914528479800
54	51798.774999999999998578914528479800
55	52051.587499999999998578914528479800
56	52057.162499999999997868371792719699
57	52130.875000000000000000000000000000
58	52130.875000000000000000000000000000
59	52131.875000000000000000000000000000
60	52131.950000000000002842170943040401
61	52135.012500000000002842170943040401
62	52135.012500000000002842170943040401
63	52135.012500000000002842170943040401
64	52216.000000000000000000000000000000
65	52216.000000000000000000000000000000
66	52216.000000000000000000000000000000
67	52222.750000000000000000000000000000
68	52224.287500000000001421085471520200
69	52345.449999999999999289457264239900
70	52362.387499999999999289457264239900
71	52362.387499999999999289457264239900
72	52363.524999999999998578914528479800
73	52363.524999999999998578914528479800
74	52363.524999999999998578914528479800
75	52363.524999999999998578914528479800
76	52364.524999999999998578914528479800
77	52367.312500000000000000000000000000
78	52367.312500000000000000000000000000
79	52367.312500000000000000000000000000
80	52372.524999999999998578914528479800
81	52372.675000000000000710542735760100
82	52372.675000000000000710542735760100
83	52376.675000000000000710542735760100
84	52376.675000000000000710542735760100
85	52376.750000000000000000000000000000
86	52638.824999999999999289457264239900
87	52638.824999999999999289457264239900
88	52638.824999999999999289457264239900
89	52642.850000000000001421085471520200
90	52651.612500000000000710542735760100
91	52651.612500000000000710542735760100
92	52652.599999999999997868371792719699
93	52657.599999999999997868371792719699
94	52667.125000000000000000000000000000
95	52669.550000000000000710542735760100
96	52680.537499999999997868371792719699
97	52687.074999999999999289457264239900
98	52687.074999999999999289457264239900
99	52687.074999999999999289457264239900
100	52690.250000000000000000000000000000
101	52694.250000000000000000000000000000
102	52708.699999999999999289457264239900
103	52708.699999999999999289457264239900
104	52712.937500000000000000000000000000
105	52712.937500000000000000000000000000
106	53013.474999999999997868371792719699
107	53021.737499999999997157829056959599
108	53021.737499999999997157829056959599
109	53022.737499999999997157829056959599
110	53022.737499999999997157829056959599
111	53022.737499999999997157829056959599
112	53022.737499999999997157829056959599
113	53022.737499999999997157829056959599
114	53022.737499999999997157829056959599
115	53022.737499999999997157829056959599
116	53022.737499999999997157829056959599
117	53022.737499999999997157829056959599
118	53022.737499999999997157829056959599
119	53022.737499999999997157829056959599
120	53022.737499999999997157829056959599
121	53022.737499999999997157829056959599
122	53022.737499999999997157829056959599
123	53022.737499999999997157829056959599
124	53024.737499999999997157829056959599
125	53024.737499999999997157829056959599
126	53024.737499999999997157829056959599
127	53029.737499999999997157829056959599
128	53030.412499999999997868371792719699
129	53030.412499999999997868371792719699
130	53030.412499999999997868371792719699
131	53030.412499999999997868371792719699
132	53030.412499999999997868371792719699
133	53030.412499999999997868371792719699
134	53030.412499999999997868371792719699
135	53030.412499999999997868371792719699
136	53030.412499999999997868371792719699
137	53030.412499999999997868371792719699
138	53030.412499999999997868371792719699
139	53030.412499999999997868371792719699
140	53030.412499999999997868371792719699
141	53030.412499999999997868371792719699
142	53030.412499999999997868371792719699
143	53030.412499999999997868371792719699
144	53030.412499999999997868371792719699
145	53030.412499999999997868371792719699
146	53030.412499999999997868371792719699
147	53030.412499999999997868371792719699
148	53030.412499999999997868371792719699
149	53030.412499999999997868371792719699
150	53030.412499999999997868371792719699
151	53030.412499999999997868371792719699
152	53030.412499999999997868371792719699
153	53030.412499999999997868371792719699
154	53030.412499999999997868371792719699
155	53030.412499999999997868371792719699
156	53036.349999999999997868371792719699
157	53036.349999999999997868371792719699
158	53036.349999999999997868371792719699
159	53036.349999999999997868371792719699
160	53036.349999999999997868371792719699
161	53036.499999999999996447286321199499
162	53036.499999999999996447286321199499
163	53036.499999999999996447286321199499
164	53036.499999999999996447286321199499
165	53036.499999999999996447286321199499
166	53036.499999999999996447286321199499
167	53036.499999999999996447286321199499
168	53036.499999999999996447286321199499
169	53036.499999999999996447286321199499
170	53036.499999999999996447286321199499
171	53036.499999999999996447286321199499
172	53036.499999999999996447286321199499
173	53036.499999999999996447286321199499
174	53036.499999999999996447286321199499
175	53036.499999999999996447286321199499
176	53036.499999999999996447286321199499
177	53036.499999999999996447286321199499
178	53036.499999999999996447286321199499
179	53036.499999999999996447286321199499
180	53036.499999999999996447286321199499
181	53036.499999999999996447286321199499
182	53036.499999999999996447286321199499
183	53036.499999999999996447286321199499
184	53036.499999999999996447286321199499
185	53036.499999999999996447286321199499
186	53036.499999999999996447286321199499
187	53036.499999999999996447286321199499
188	53036.499999999999996447286321199499
189	53036.499999999999996447286321199499
190	53038.499999999999996447286321199499
191	53038.499999999999996447286321199499
192	53038.499999999999996447286321199499
193	53038.499999999999996447286321199499
194	53038.499999999999996447286321199499
195	53039.499999999999996447286321199499
196	53039.499999999999996447286321199499
197	53039.499999999999996447286321199499
198	53039.499999999999996447286321199499
199	53039.499999999999996447286321199499
200	53039.499999999999996447286321199499
201	53039.499999999999996447286321199499
202	53039.499999999999996447286321199499
203	53039.499999999999996447286321199499
204	53039.499999999999996447286321199499
205	53039.499999999999996447286321199499
206	53039.499999999999996447286321199499
207	53039.499999999999996447286321199499
208	53039.499999999999996447286321199499
209	53039.499999999999996447286321199499
210	53039.499999999999996447286321199499
211	53041.499999999999996447286321199499
212	53041.499999999999996447286321199499
213	53041.499999999999996447286321199499
214	53041.499999999999996447286321199499
215	53041.499999999999996447286321199499
216	53041.499999999999996447286321199499
217	53041.499999999999996447286321199499
218	53041.499999999999996447286321199499
219	53041.499999999999996447286321199499
220	53041.499999999999996447286321199499
221	53041.499999999999996447286321199499
222	53041.499999999999996447286321199499
223	53041.499999999999996447286321199499
224	53041.499999999999996447286321199499
225	53041.499999999999996447286321199499
226	53041.499999999999996447286321199499
227	53041.499999999999996447286321199499
228	53041.499999999999996447286321199499
229	53041.499999999999996447286321199499
230	53041.499999999999996447286321199499
231	53041.499999999999996447286321199499
232	53041.499999999999996447286321199499
233	53041.499999999999996447286321199499
234	53041.499999999999996447286321199499
235	53041.499999999999996447286321199499
236	53041.499999999999996447286321199499
237	53041.499999999999996447286321199499
238	53041.499999999999996447286321199499
239	53041.499999999999996447286321199499
240	53041.499999999999996447286321199499
241	53041.499999999999996447286321199499
242	53041.499999999999996447286321199499
243	53041.499999999999996447286321199499
244	53041.499999999999996447286321199499
245	53041.499999999999996447286321199499
246	53041.499999999999996447286321199499
247	53041.499999999999996447286321199499
248	53041.499999999999996447286321199499
249	53041.499999999999996447286321199499
250	53041.499999999999996447286321199499
