0	439	219.604	109	293	146.564	73
1	496	195.578	83	293	127.074	11
2	423	177.78	90	226	115.844	11
3	348	183.742	94	208	116.99	17
4	381	188.318	94	208	117.272	10
5	314	206.982	94	204	131.278	10
6	286	213.146	103	174	135.906	10
7	330	212.196	180	167	134.198	10
8	330	197.578	185	167	125.434	34
9	256	199.552	185	180	125.954	34
10	240	221.08	185	180	130.324	10
11	240	238.24	185	148	136.276	10
12	240	239.89	185	157	136.024	10
13	240	240	240	157	137.974	104
14	240	240	240	157	137.814	87
15	240	240	240	148	137.784	87
16	240	240	240	148	137.408	30
17	240	240	240	148	136.414	10
18	240	240	240	148	136.068	10
19	240	240	240	148	137.762	87
20	240	240	240	172	136.968	10
21	240	240	240	157	135.984	10
22	240	240	240	148	136.904	47
23	240	240	240	154	135.758	10
24	240	240	240	148	136.428	34
25	240	240	240	148	137.818	87
26	240	240	240	148	137.32	47
27	240	240	240	148	137.722	105
28	240	240	240	148	137.91	105
29	240	240	240	147	137.668	105
30	240	240	240	148	137.68	76
31	240	240	240	157	138.014	76
32	240	240	240	157	138.284	87
33	240	240	240	151	136.762	34
34	240	240	240	154	137.536	61
35	240	240	240	157	137.468	34
36	240	240	240	149	137.7	61
37	240	240	240	149	137.27	47
38	240	240	240	172	137.126	47
39	240	240	240	157	137.656	47
40	240	240	240	154	137.604	82
41	240	240	240	149	135.854	10
42	240	240	240	148	135.928	10
43	240	240	240	149	136.574	10
44	240	240	240	148	134.936	10
45	240	240	240	148	137.862	105
46	240	240	240	157	136.136	10
47	240	240	240	157	135.828	10
48	240	240	240	154	136.736	34
49	240	240	240	148	138.138	105
50	240	240	240	154	136.49	10
51	240	240	240	149	136.336	10
52	240	240	240	154	136.408	10
53	240	240	240	148	137.694	47
54	240	240	240	148	137.93	105
55	240	240	240	148	137.292	47
56	240	240	240	148	135.414	34
57	240	240	240	148	137.638	47
58	240	240	240	148	136.286	34
59	240	240	240	148	135.976	34
60	240	240	240	148	136.974	47
61	240	240	240	154	136.274	10
62	240	240	240	148	137.02	34
63	240	240	240	149	137.576	34
64	240	240	240	149	136.448	34
65	240	240	240	154	136.802	10
66	240	240	240	148	136.584	34
67	240	240	240	148	136.316	47
68	240	240	240	148	136.93	34
69	240	240	240	148	137.198	47
70	240	240	240	148	137.468	76
71	240	240	240	148	136.97	34
72	240	240	240	148	136.928	34
73	240	240	240	148	137.064	34
74	240	240	240	148	136.068	10
75	240	240	240	154	136.686	34
76	240	240	240	148	137.892	91
77	240	240	240	148	136.386	47
78	240	240	240	148	136.022	10
79	240	240	240	148	137.864	87
80	240	240	240	148	136.032	47
81	240	240	240	157	137.656	76
82	240	240	240	148	137.164	76
83	240	240	240	148	137.534	87
84	240	240	240	148	137.522	76
85	240	240	240	148	137.038	76
86	240	240	240	148	137.588	87
87	240	240	240	154	137.108	76
88	240	240	240	151	137.346	76
89	240	240	240	148	137.474	76
90	240	240	240	148	137.584	76
91	240	240	240	157	138.048	118
92	240	240	240	148	137.506	76
93	240	240	240	148	137.838	76
94	240	240	240	148	137.22	76
95	240	240	240	148	137.584	87
96	240	240	240	148	137.148	76
97	240	240	240	148	137.284	76
98	240	240	240	148	137.218	47
99	240	240	240	148	137.772	87
100	240	240	240	148	137.302	76
101	240	240	240	149	137.574	76
102	240	240	240	151	136.22	34
103	240	240	240	148	136.924	34
104	240	240	240	154	137.798	105
105	240	240	240	148	137.412	34
106	240	240	240	157	136.958	34
107	240	240	240	154	136.364	34
108	240	240	240	148	137.028	34
109	240	240	240	148	136.414	34
110	240	240	240	148	137.552	47
111	240	240	240	148	137.784	34
112	240	240	240	154	137.278	47
113	240	240	240	148	137.48	47
114	240	240	240	148	137.148	47
115	240	240	240	148	137.596	47
116	240	240	240	148	137.648	76
117	240	240	240	148	137.574	61
118	240	240	240	148	138.04	105
119	240	240	240	148	137.918	47
120	240	240	240	148	136.84	34
121	240	240	240	148	137.508	34
122	240	240	240	148	137.632	34
123	240	240	240	148	137.86	105
124	240	240	240	148	137.726	47
125	240	240	240	151	136.674	10
126	240	240	240	148	136.554	47
127	240	240	240	148	136.702	10
128	240	240	240	157	135.93	10
129	240	240	240	149	137.632	76
130	240	240	240	149	137.428	47
131	240	240	240	151	137.52	76
132	240	240	240	148	136.906	47
133	240	240	240	154	137.488	76
134	240	240	240	149	137.602	76
135	240	240	240	149	137.484	34
136	240	240	240	148	137.788	76
137	240	240	240	149	137.422	76
138	240	240	240	151	137.788	76
139	240	240	240	149	137.858	76
140	240	240	240	157	137.996	118
141	240	240	240	148	137.958	105
142	240	240	240	148	137.604	76
143	240	240	240	149	137.682	76
144	240	240	240	149	137.43	76
145	240	240	240	149	137.968	105
146	240	240	240	148	136.618	34
147	240	240	240	148	137.654	61
148	240	240	240	148	137.724	118
149	240	240	240	149	137.714	105
150	240	240	240	149	137.8	118
151	240	240	240	154	137.854	76
152	240	240	240	149	137.518	76
153	240	240	240	151	137.49	47
154	240	240	240	148	137.234	76
155	240	240	240	148	137.658	76
156	240	240	240	151	137.734	76
157	240	240	240	154	137.75	87
158	240	240	240	149	137.814	105
159	240	240	240	149	137.634	61
160	240	240	240	149	137.374	76
161	240	240	240	149	137.72	25
162	240	240	240	149	137.394	47
163	240	240	240	154	137.874	87
164	240	240	240	144	137.748	105
165	240	240	240	148	137.542	76
166	240	240	240	149	137.778	76
167	240	240	240	151	137.416	47
168	240	240	240	149	137.74	105
169	240	240	240	151	137.548	76
170	240	240	240	149	137.542	47
171	240	240	240	150	137.698	87
172	240	240	240	154	137.672	76
173	240	240	240	154	137.928	76
174	240	240	240	148	137.718	76
175	240	240	240	154	137.558	76
176	240	240	240	154	137.652	87
177	240	240	240	169	137.52	34
178	240	240	240	149	137.308	10
179	240	240	240	148	137.57	76
180	240	240	240	154	137.288	47
181	240	240	240	151	137.688	76
182	240	240	240	157	137.614	76
183	240	240	240	154	137.454	47
184	240	240	240	148	137.946	105
185	240	240	240	150	137.824	76
186	240	240	240	149	137.712	76
187	240	240	240	149	137.73	83
188	240	240	240	149	137.246	47
189	240	240	240	157	137.98	83
190	240	240	240	154	137.798	78
191	240	240	240	163	137.696	105
192	240	240	240	157	137.122	47
193	240	240	240	149	137.48	47
194	240	240	240	149	137.282	30
195	240	240	240	149	137.912	87
196	240	240	240	157	137.66	61
197	240	240	240	151	136.228	17
198	240	240	240	154	137.492	61
199	240	240	240	148	137.496	47
200	240	240	240	169	136.03	10
201	240	240	240	154	137.732	78
202	240	240	240	154	136.094	25
203	240	240	240	154	137.616	61
204	240	240	240	149	137.584	47
205	240	240	240	148	137.576	76
206	240	240	240	154	137.492	47
207	240	240	240	149	137.57	76
208	240	240	240	149	137.618	83
209	240	240	240	149	137.996	105
210	240	240	240	151	137.526	61
211	240	240	240	149	137.868	105
212	240	240	240	154	137.794	105
213	240	240	240	154	137.024	20
214	240	240	240	150	137.734	91
215	240	240	240	149	137.796	105
216	240	240	240	148	136.202	17
217	240	240	240	149	136.964	25
218	240	240	240	149	137.724	102
219	240	240	240	149	137.874	105
220	240	240	240	149	137.256	87
221	240	240	240	149	137.682	87
222	240	240	240	149	137.926	102
223	240	240	240	149	137.7	76
224	240	240	240	149	137.682	105
225	240	240	240	149	137.606	76
226	240	240	240	148	137.922	105
227	240	240	240	149	137.346	85
228	240	240	240	149	136.984	25
229	240	240	240	149	136.892	47
230	240	240	240	149	136.88	25
231	240	240	240	149	137.008	61
232	240	240	240	149	137.756	87
233	240	240	240	151	136.152	17
234	240	240	240	149	137.664	61
235	240	240	240	169	137.654	76
236	240	240	240	147	137.41	47
237	240	240	240	154	137.584	76
238	240	240	240	149	137.658	61
239	240	240	240	149	137.766	105
240	240	240	240	149	137.454	102
241	240	240	240	154	137.416	61
242	240	240	240	149	137.522	76
243	240	240	240	169	137.674	63
244	240	240	240	149	137.636	76
245	240	240	240	149	137.728	47
246	240	240	240	149	136.854	17
247	240	240	240	172	137.088	47
248	240	240	240	154	137.108	61
249	240	240	240	169	136.656	17
250	240	240	240	149	137.492	47
