0	432	218.752	97	288	146	65
1	446	200.922	81	301	130.81	18
2	444	185.052	93	281	118.894	27
3	362	187.944	90	262	121.202	47
4	387	178.742	89	263	111.694	38
5	355	171.952	88	185	104.91	19
6	333	167.986	88	196	97.168	18
7	333	168.334	90	198	98.362	13
8	350	162.552	90	200	101.962	10
9	350	168.644	108	200	108.858	10
10	403	182.344	109	200	119.064	10
11	388	205.778	105	200	136.834	15
12	346	214.55	109	192	152.824	15
13	259	214.738	109	184	157.87	15
14	236	216.302	215	184	157.954	15
15	285	217.954	215	191	160.944	15
16	335	217.936	177	192	162.022	24
17	287	216.488	211	192	160.22	15
18	287	216.526	215	192	159.494	15
19	262	215.324	215	192	158.454	15
20	215	215	215	183	159.186	15
21	215	215	215	183	157.646	15
22	215	215	215	183	157.038	15
23	215	215	215	183	153.552	15
24	215	215	215	187	151.76	101
25	215	215	215	187	149.686	15
26	215	215	215	187	151.13	15
27	215	215	215	187	149.664	15
28	215	215	215	187	150.314	15
29	215	215	215	187	149.932	15
30	215	215	215	183	149.1	11
31	215	215	215	187	151.296	25
32	215	215	215	187	150.828	15
33	215	215	215	187	151.266	101
34	215	215	215	187	150.972	15
35	215	215	215	187	150.924	15
36	215	215	215	187	150.546	15
37	215	215	215	187	150.314	15
38	215	215	215	183	150.538	11
39	215	215	215	187	150.318	15
40	215	215	215	187	151.33	15
41	215	215	215	187	149.604	15
42	215	215	215	173	150.012	15
43	215	215	215	187	150.95	51
44	215	215	215	183	148.718	15
45	215	215	215	183	149.178	15
46	215	215	215	188	150.152	15
47	215	215	215	187	149.21	15
48	215	215	215	187	149.846	15
49	215	215	215	188	151.128	15
50	215	215	215	183	150.66	25
51	215	215	215	187	148.534	15
52	215	215	215	173	149.762	25
53	215	215	215	187	149.838	15
54	215	215	215	173	150.888	31
55	215	215	215	187	151.102	51
56	215	215	215	187	149.552	31
57	215	215	215	187	148.61	15
58	215	215	215	183	150.212	15
59	215	215	215	183	149.272	15
60	215	215	215	183	150.686	51
61	215	215	215	187	149.604	15
62	215	215	215	183	149.866	15
63	215	215	215	187	149.73	13
64	215	215	215	187	148.938	15
65	215	215	215	183	150.046	15
66	215	215	215	187	149.742	15
67	215	215	215	187	149.948	13
68	215	215	215	183	149.626	15
69	215	215	215	183	148.768	15
70	215	215	215	183	149.422	15
71	215	215	215	183	148.968	15
72	215	215	215	183	150.194	51
73	215	215	215	171	150.056	15
74	215	215	215	171	149.906	15
75	215	215	215	187	148.636	15
76	215	215	215	187	149.696	15
77	215	215	215	173	149.66	15
78	215	215	215	171	150.056	15
79	215	215	215	183	148.746	15
80	215	215	215	171	150.248	15
81	215	215	215	173	148.492	15
82	215	215	215	173	149.778	15
83	215	215	215	171	148.208	15
84	215	215	215	183	148.996	15
85	215	215	215	183	149.46	15
86	215	215	215	181	148.756	15
87	215	215	215	183	150.136	31
88	215	215	215	183	149.27	15
89	215	215	215	181	149.788	15
90	215	215	215	183	150.104	31
91	215	215	215	187	150.63	31
92	215	215	215	187	150.31	31
93	215	215	215	187	150.18	15
94	215	215	215	161	149.054	15
95	215	215	215	168	149.534	15
96	215	215	215	183	150.696	15
97	215	215	215	183	149.122	31
98	215	215	215	171	148.742	15
99	215	215	215	187	149.654	31
100	215	215	215	173	149.204	15
101	215	215	215	187	149.418	15
102	215	215	215	183	148.736	15
103	215	215	215	173	148.792	15
104	215	215	215	187	149.952	15
105	215	215	215	171	150.106	15
106	215	215	215	187	149.82	31
107	215	215	215	183	149.234	15
108	215	215	215	187	149.016	30
109	215	215	215	183	149.932	15
110	215	215	215	187	149.378	15
111	215	215	215	187	149.93	15
112	215	215	215	183	149.774	15
113	215	215	215	187	149.078	15
114	215	215	215	183	148.828	15
115	215	215	215	171	149.87	31
116	215	215	215	173	149.812	15
117	215	215	215	183	149.662	15
118	215	215	215	183	149.906	15
119	215	215	215	187	149.546	15
120	215	215	215	173	149.79	15
121	215	215	215	173	149.454	15
122	215	215	215	181	149.672	31
123	215	215	215	183	151.104	124
124	215	215	215	173	150.196	31
125	215	215	215	171	149.024	15
126	215	215	215	183	149.096	15
127	215	215	215	187	150.106	15
128	215	215	215	171	149.976	31
129	215	215	215	187	150.568	30
130	215	215	215	173	150.258	15
131	215	215	215	187	147.788	15
132	215	215	215	171	150.056	61
133	215	215	215	183	150.356	31
134	215	215	215	171	149.962	15
135	215	215	215	173	149.268	15
136	215	215	215	173	148.91	15
137	215	215	215	187	149.714	15
138	215	215	215	173	150.898	82
139	215	215	215	183	149.304	15
140	215	215	215	187	149.208	15
141	215	215	215	173	149.108	15
142	215	215	215	173	148.776	15
143	215	215	215	181	150.246	31
144	215	215	215	187	149.73	15
145	215	215	215	173	147.048	13
146	215	215	215	183	151.16	82
147	215	215	215	183	150.396	15
148	215	215	215	173	150.37	13
149	215	215	215	187	149.452	15
150	215	215	215	187	149.85	15
151	215	215	215	183	150.278	15
152	215	215	215	181	150.09	28
153	215	215	215	187	149.94	31
154	215	215	215	183	149.814	50
155	215	215	215	187	149.51	15
156	215	215	215	183	148.818	15
157	215	215	215	173	149.13	15
158	215	215	215	183	150.558	75
159	215	215	215	187	149.506	15
160	215	215	215	187	151.016	15
161	215	215	215	187	149.616	15
162	215	215	215	187	150.294	30
163	215	215	215	183	149.558	15
164	215	215	215	183	150.46	15
165	215	215	215	187	149.418	13
166	215	215	215	183	149.808	15
167	215	215	215	173	150.076	15
168	215	215	215	183	148.79	15
169	215	215	215	183	149.728	31
170	215	215	215	173	148.988	15
171	215	215	215	187	150.434	15
172	215	215	215	183	149.408	15
173	215	215	215	183	150.5	31
174	215	215	215	187	149.302	15
175	215	215	215	173	150.642	64
176	215	215	215	183	149.152	25
177	215	215	215	187	149.43	31
178	215	215	215	173	148.96	15
179	215	215	215	173	150.558	25
180	215	215	215	183	149.516	15
181	215	215	215	171	149.154	15
182	215	215	215	183	150.18	28
183	215	215	215	183	148.784	13
184	215	215	215	187	149.624	15
185	215	215	215	183	150.23	31
186	215	215	215	187	149.834	15
187	215	215	215	183	150.724	51
188	215	215	215	171	149.136	13
189	215	215	215	187	149.572	13
190	215	215	215	183	149.176	13
191	215	215	215	187	149.804	15
192	215	215	215	187	148.626	15
193	215	215	215	183	148.666	15
194	215	215	215	183	149.408	15
195	215	215	215	183	148.446	15
196	215	215	215	183	150	15
197	215	215	215	183	150.018	15
198	215	215	215	173	149.674	15
199	215	215	215	183	149.94	15
200	215	215	215	181	150.732	15
201	215	215	215	183	151.204	73
202	215	215	215	183	151.578	132
203	215	215	215	173	150.51	31
204	215	215	215	181	151.258	132
205	215	215	215	168	151.002	132
206	215	215	215	181	151.374	111
207	215	215	215	173	150.382	31
208	215	215	215	181	151.39	132
209	215	215	215	183	151.324	132
210	215	215	215	183	151.41	111
211	215	215	215	183	151.52	111
212	215	215	215	181	151.108	132
213	215	215	215	181	151.258	132
214	215	215	215	183	150.588	31
215	215	215	215	183	151.55	111
216	215	215	215	183	150.678	15
217	215	215	215	181	150.716	31
218	215	215	215	173	151.436	124
219	215	215	215	183	150.986	15
220	215	215	215	171	150.606	25
221	215	215	215	183	150.594	31
222	215	215	215	173	150.948	73
223	215	215	215	187	151.186	132
224	215	215	215	181	150.606	15
225	215	215	215	183	151.066	124
226	215	215	215	173	149.58	11
227	215	215	215	173	150.454	31
228	215	215	215	183	150.488	15
229	215	215	215	168	151.034	132
230	215	215	215	183	149.832	11
231	215	215	215	183	151	31
232	215	215	215	181	149.194	11
233	215	215	215	171	150.304	15
234	215	215	215	171	151.278	132
235	215	215	215	183	149.824	25
236	215	215	215	183	151.056	59
237	215	215	215	183	150	15
238	215	215	215	187	150.436	31
239	215	215	215	183	151.176	111
240	215	215	215	173	150.8	52
241	215	215	215	187	150.13	15
242	215	215	215	173	150.36	24
243	215	215	215	173	151.14	132
244	215	215	215	187	148.62	15
245	215	215	215	181	151.184	132
246	215	215	215	173	150.362	31
247	215	215	215	181	149.87	15
248	215	215	215	173	151.368	132
249	215	215	215	187	150.382	28
250	215	215	215	171	149.928	11
