0	39204.616666666666667140361823840067	5467591.433666666664521471830084919930	2338.288141711082516849273815751076	1634.844444444444462760657188482583	954.602136465472586590585990506952
1	42291.616666666666667140361823840067	2538482.513666666664903459604829549789	1593.261596118687066336860880255699	1252.077777777777792267421830274543	650.446322877179819277326799920047
2	35756.383333333333336412351854960434	1322837.289666666667244498967193067074	1150.146638332115799130406230688095	929.249999999999990507593139454912	469.545398881845257560430084708969
3	39453.449999999999999289457264239900	2689398.191000000001167791197076439857	1639.938471711667716590454801917076	1162.100000000000032174263253637037	669.502077542208583749161476816880
4	42418.766666666666669271990031120367	1497865.154666666667026220238767564297	1223.873014109987934716627933084965	965.044444444444441899566555775891	499.644065755257918481913037567210
5	53294.933333333333333570180911920033	366782.614666666666153105325065553188	605.625804161832775207585655152798	396.988888888888896616657930849215	247.245699209870547941036988959240
6	49592.533333333333331438552704639733	1265737.454666666666525998152792453766	1125.049978741685436034458689391613	997.299999999999973454567481212507	459.299730507698548337414123921008
7	43987.066666666666666429819088079967	1155551.990666666665106276923324912786	1074.966041634184193753753788769245	894.000000000000028421709430404007	438.853048803861532062287054145600
8	41501.249999999999996447286321199499	623622.978999999999530245986534282565	789.698030262200973083963617682457	611.983333333333334280723647680134	322.392870837223537772153747482662
9	50537.833333333333332149095440399833	389284.354666666667668550871894694865	623.926561917880349028564523905516	496.155555555555575125703526850884	254.716952277970252474514900598024
10	49846.166666666666667850904559600167	2069142.126666666668143079732544720173	1438.451294506236308734514750540257	1125.766666666666675156172061633697	587.245281897701775719600192360303
11	44141.533333333333331438552704639733	2494761.742666666668583275168202817440	1579.481479051485166564816609025002	1298.966666666666677998343004674098	644.820613642102741458472792146495
12	43182.066666666666666429819088079967	1578508.746666666665191769425291568041	1256.387180238109067431651055812836	930.133333333333344683513388417850	512.917918492921412199070374526855
13	49954.199999999999999289457264239900	369260.596000000000401541910832747817	607.668162733576195932982955127954	448.766666666666657420359243246821	248.079488605299016454330818248764
14	54043.766666666666665719276352319866	581875.894666666665784759970847517252	762.807901549706457444699481129646	566.222222222222238030564511745979	311.415021759994412958727494356026
15	50495.150000000000002131628207280301	450350.638999999999612100509693846107	671.081693238610114349285140633583	478.166666666666657192763523198664	273.967954026257143856915021729037
16	35737.183333333333333570180911920033	1091220.613666666667768367915414273739	1044.615055255603010664344765245914	829.844444444444424846540897533487	426.462310500913770239250766280747
17	35234.133333333333329306924497359432	2370152.162666666665472803288139402866	1539.529851177516775351250544190407	1097.277777777777771461842348799109	628.510429861306726184722037942265
18	52297.250000000000000000000000000000	582840.514999999999076862877700477839	763.439922325260681645886506885290	611.066666666666643947802839420547	311.673043161152069857600110935891
19	45962.449999999999999289457264239900	239397.030999999999806959749548695982	489.282158881764246416423702612519	369.166666666666661938966953471208	199.748604917948481538014782188384
20	40688.216666666666665008733616559766	649119.445666666665033517347183078527	805.679493140210524870781227946281	625.616666666666638718652393436059	328.917275736282626041884213918820
21	43431.216666666666665008733616559766	7649682.497666666664827062049880623817	2765.805939986872090230463072657585	1890.888888888888904715734895489732	1129.135546754438339300818938681914
22	41685.750000000000000000000000000000	641265.490999999999644387571606785059	800.790541277805118625110480934381	535.650000000000016953105586026140	326.921369496295499523785821338606
23	50161.233333333333334280723647680134	5119127.846666666665896627819165587425	2262.548971109059948503272607922554	1930.833333333333333370340767487505	923.681749546045999688104188862781
24	52327.850000000000004973799150320701	902288.242999999998687599145341664553	949.888542409055503412673715502024	625.199999999999991018295730782484	387.790373569707588596866543184660
25	53230.116666666666663587648145039566	860805.125666666665608772746054455638	927.795842665112786562531255185604	713.916666666666628771054092794657	378.771066667511549452829200390624
26	43832.983333333333334280723647680134	562164.909666666666112178063485771418	749.776573164743922461639158427715	566.883333333333330472658673215847	306.095004224360244554636878433485
27	45438.149999999999995026200849679299	690328.122999999999933606886770576239	830.859869653120313159888610243797	669.033333333333345649407419841737	339.197121400914456346153968979706
28	55983.066666666666666429819088079967	543655.898666666666372293548192828894	737.330250747022205359826330095530	526.466666666666660290285761902851	301.013814374763298747916806519243
29	35535.233333333333334280723647680134	1759096.066666666666264973173383623362	1326.309189693966800405178219079971	1102.077777777777811252235551364720	541.463459319073398878785496890487
30	44779.366666666666670693075502640568	1375813.114666666666721539513673633337	1172.950601972080676205223426222801	791.011111111111112847993354080245	478.855078053661010473174286516951
31	50591.400000000000002131628207280301	541213.155999999999266947270371019840	735.671907850231832526333164423704	480.366666666666655288731035966521	300.336798722145738554933913633249
32	45455.549999999999997157829056959599	1296746.634999999999649844539817422628	1138.747836441413483044016174972057	819.800000000000011368683772161603	464.891857496629787083186613472208
33	44097.283333333333331438552704639733	687434.865666666666982109745731577277	829.116919177667341500637121498585	587.683333333333318193592020861615	338.485564848947603378004345131558
34	48927.683333333333333570180911920033	475340.761666666666627634185715578496	689.449607779036114152404479682446	550.855555555555563784775330304910	281.466623736772391078941879527520
35	39355.316666666666666429819088079967	1519419.849666666666507808258756995201	1232.647496110168049199273809790611	820.794444444444418251816131260057	503.226233031537387913045833442993
36	40486.099999999999997868371792719699	490906.219999999999743067746749147773	700.647000992653943285404238849878	504.600000000000003780309398848658	286.037940373883531525178725019032
37	47125.566666666666666429819088079967	424425.946666666667084655273356474936	651.479812938717714132508262991905	523.300000000000006650235917504688	265.965519903948796276438315544510
38	40379.466666666666665008733616559766	2979173.394666666669763799291104078293	1726.028213751636940287426114082336	1041.877777777777751566645747516304	704.648067556500981523104343295927
39	44914.433333333333333570180911920033	653657.402666666666561923193512484431	808.490817923535018962866161018610	635.155555555555572766479599522427	330.064994273013540965200363075382
40	41927.016666666666665719276352319866	2143407.337666666667018944281153380871	1464.038024665570901561295613646507	1043.722222222222223764198645312717	597.691020743810289550523862089904
41	49007.966666666666668561447295360267	4327973.398666666666940727736800909042	2080.378186452325280697550624608994	1581.566666666666643892291688189289	849.310838137473538334010214612135
42	48734.833333333333328596381761599332	95931.850666666666157311738061252981	309.728672658290804520220262929797	252.066666666666672355634482016740	126.446201120388662816895752882829
43	47474.199999999999999289457264239900	398593.864000000000658019416732713580	631.342905242468077631201595067978	487.233333333333305859014217276126	257.744661761726275267525565482174
44	53826.100000000000004973799150320701	6775744.672000000003663444658741354942	2603.026060568737193534616380929947	2106.666666666666628771054092794657	1062.680939260071000918017602998589
45	43716.700000000000002842170943040401	951419.995999999999071405909489840269	975.407605055445515063183847814798	781.033333333333314840718486493643	398.208487269336535829822310006421
46	47662.983333333333334280723647680134	653463.257666666666409582830965518951	808.370742708237003171234391629696	633.677777777777786638591095424999	330.015973771641045741986886241648
47	49808.000000000000000000000000000000	377030.423999999998926568878232501447	614.028031933396391650603618472815	485.700000000000000482947015711943	250.675894333699388005776143018011
48	41801.766666666666665719276352319866	2520944.758666666665703814942389726639	1587.748329763463061681250110268593	1124.644444444444464692445251330355	648.195541312787686272223197647691
49	46432.466666666666668561447295360267	737430.946666666667283607239369302988	858.737996519699095188116189092398	663.599999999999999034105968576114	350.578319035529935299155823713591
50	47049.900000000000002131628207280301	1168363.491999999999620740709360688925	1080.908641837967707033385522663593	761.999999999999970412556393739578	441.279105177966355560981170924606
51	43217.283333333333334991266383440234	1294324.137666666667655590572394430637	1137.683672057688681888976134359837	827.455555555555539115619723133932	464.457414206201606637902656871120
52	47239.716666666666665008733616559766	2305996.037666666667973913718014955521	1518.550637175681004009675234556198	1172.022222222222261223123496165499	619.945701609781733398829572934119
53	36791.333333333333332149095440399833	90557.418666666666524633910739794374	300.927597050630538433324545621872	268.899999999999991473487170878798	122.853177049318154488710685967590
54	37839.483333333333334280723647680134	412162.293666666666240416816435754299	641.998671078583015514595899730921	507.811111111111113558536089840345	262.094859947903434993499161009822
55	36288.550000000000000710542735760100	377634.039000000000612544681644067168	614.519356082459012213803362101316	513.116666666666664753382320895980	250.876476577617815069687345896909
56	44702.666666666666667850904559600167	342449.506666666666831133625237271190	585.191854579903292687959037721157	470.266666666666665719276352319866	238.903574225623067578405667177321
57	53135.416666666666667850904559600167	1226575.181666666665819320769514888525	1107.508546994860353152034804224968	894.583333333333349912663834402338	452.138470984768673255338455874153
58	48804.599999999999997868371792719699	383982.935999999999864940036786720157	619.663566784428553546604234725237	525.166666666666669016638735456581	252.976591802482789234085558405241
59	47094.949999999999999289457264239900	866848.771000000000810814526630565524	931.047136830354020275990478694439	783.666666666666657192763523198664	380.098401952266415793069143091998
60	42841.916666666666667850904559600167	1134227.269666666667149002023506909609	1065.001065570671926252543926239014	767.716666666666659069040434815179	434.784864361419333245173390878335
61	40135.316666666666666429819088079967	376029.937666666666984838229836896062	613.212799659846268696128390729427	476.455555555555548025159495750813	250.343077151691581941350683848668
62	47480.866666666666670693075502640568	1395855.414666666667926619993522763252	1181.463251509189603893901221454144	903.666666666666695106879814147760	482.330352674503725352028737916044
63	50776.216666666666665008733616559766	1727566.957666666666796118079219013453	1314.369414459521976823452860116959	1002.822222222222220466836262176002	536.589066491088529986530630822017
64	43775.700000000000002842170943040401	1630698.280000000000768523022998124361	1276.987971752279236170579679310322	1006.799999999999964017671771898677	521.328156410783840390976706657966
65	44592.449999999999999289457264239900	900058.314999999998406110535142943263	948.714032256295809020230080932379	690.999999999999981070697430141081	387.310881807710992719151477103878
66	45219.199999999999999289457264239900	857364.448000000001513853931101039052	925.939764779545498640800360590219	731.466666666666678053854155905356	378.013326043760922529068935205032
67	37414.316666666666666429819088079967	389780.745666666666636501759057864547	624.324231202559303710586391389370	486.016666666666668078500279648324	254.879300083610423000024525208573
68	38224.783333333333334991266383440234	223884.709666666667388312816910911351	473.164569327276069543586345389485	303.083333333333345777083067673630	193.168626535930467211232830493373
69	50023.900000000000002131628207280301	2558214.559999999998126440914347767830	1599.441952682247347183874808251858	1041.666666666666695051368662916502	652.969442878710419342347393012460
70	42698.983333333333330728009968879633	491941.333666666666971423182985745370	701.385296158015194123436231166124	511.944444444444431013829799326231	286.339348112999997258976137004538
71	34784.800000000000000710542735760100	5048622.724000000001979060471057891846	2246.914044639892381383106112480164	1849.433333333333365544604021124542	917.298817543480137948197494779379
72	47754.199999999999999289457264239900	1126906.528000000001725311449263244867	1061.558537246062542180879972875118	750.733333333333348491578362882137	433.379458058024125577389895624947
73	50072.000000000000000000000000000000	205399.380000000000137561073643155396	453.210083736008698451769305393100	339.899999999999982008835885949338	185.022241906209775438862941143725
74	45541.000000000000000000000000000000	471711.199999999999135980033315718174	686.812347006080017308704555034637	458.000000000000015404344466674047	280.389966534705658451898102612176
75	44981.116666666666670693075502640568	1189353.917666666666377750516403466463	1090.575039906317897475673817098141	853.188888888888878170302376702239	445.225395664313508853338063886440
76	43735.050000000000000710542735760100	951970.818999999999334704625653102994	975.689919492868398265272844582796	646.116666666666650542527605693977	398.323741655787695148394078614729
77	28851.000000000000000000000000000000	686998.556000000000153704604599624872	828.853760322048628950142301619053	697.899999999999996191935025535713	338.378130696020837403503733753496
78	44052.183333333333337122894590720534	1182266.133666666667977551696822047234	1087.320621374701431705034337937832	889.150000000000015176748746625890	443.896784862327171250484525444335
79	36443.116666666666667140361823840067	766274.525666666667746085295220836997	875.371078838378480213577859103680	730.288888888888896133710915137272	357.368746457275501621220215042740
80	44274.583333333333332149095440399833	546966.417666666666661967610707506537	739.571779928538603599008638411760	451.888888888888882178207495599054	301.928914831142230501548340271256
81	47392.783333333333331438552704639733	1892256.521666666668693324027117341757	1375.593152667847107295528985559940	1115.416666666666680840513947714498	561.583552950444358342618755841613
82	41443.416666666666667850904559600167	374999.581666666666876608360325917602	612.372094127962895981909241527319	440.716666666666679219588331761770	249.999860555516682319998622574531
83	43304.816666666666666429819088079967	112972.637666666666675041597045492381	336.114024799124763376312330365181	274.911111111111109067683955231587	137.217976025171155676773970810700
84	46586.283333333333334991266383440234	88354.149666666666917080874554812908	297.244259266123890483868308365345	204.016666666666667495633191720117	121.349460695592362660666374551965
85	46695.016666666666665719276352319866	465895.281666666666382070616236887872	682.565221547850796923739835619926	599.983333333333338999171502337049	278.656084826998028225464310025927
86	46914.733333333333334280723647680134	927833.106666666667024401249364018440	963.240939052460930724919307976961	773.266666666666661000828497662951	393.241466672973277562963545506136
87	52098.733333333333334280723647680134	836532.002666666666129913210170343518	914.621234537372060913185123354197	740.266666666666661000828497662951	373.392555421830082712508769304804
88	48660.916666666666667850904559600167	914195.505666666668162179121281951666	956.135715087908806708583142608404	834.716666666666696983156725764275	390.340771136082001435685384649332
89	53769.000000000000000000000000000000	448477.751999999998957946445443667471	669.684815416924266173737123608589	443.633333333333344711268964033479	273.397681043567011421879797694601
90	41427.900000000000002131628207280301	2456635.656000000000403815647587180138	1567.365833492615138311521150171757	1221.366666666666636387184041723231	639.874422054827957762057621948770
91	53101.833333333333332149095440399833	5295623.238666666667086246889084577560	2301.222118498487361648585647344589	1755.377777777777756340604753404477	939.469995854636749366139980566004
92	45216.333333333333332149095440399833	183529.838666666666398441520868800581	428.403826624677435574994888156652	330.488888888888896616657930849215	174.895129847701741601651015400876
93	43981.500000000000000000000000000000	466503.355999999999454530552611686289	683.010509435982271497778128832579	509.233333333333348491578362882137	278.837872846091966605452938665621
94	44909.250000000000000000000000000000	479525.171000000000645968611934222281	692.477559925229570580995641648769	507.749999999999988148369212126454	282.702780024062254787819981061148
95	53794.633333333333329306924497359432	1804131.982666666668933430628385394812	1343.179802806261250225361436605453	865.933333333333351333749305922538	548.350858281244840086721126226621
96	42808.916666666666667850904559600167	2886221.297666666665008960990235209465	1698.888253437131425016559660434723	1329.016666666666670493235358208040	693.568225154847017854820023785578
97	45572.650000000000005684341886080801	5428584.814999999997326085576787590981	2329.932362752189419552450999617577	1568.916666666666647755867813884834	951.190903990010562241153024842788
98	44589.916666666666667850904559600167	1583076.989666666668654215754941105843	1258.203874444307530211517587304115	881.016666666666679930131067521870	513.659580796897539345380323538848
99	46251.083333333333332149095440399833	237084.613666666666972560051362961531	486.913353346020585377118550240993	366.016666666666669271990031120367	198.781544107539796681360932950611
100	46565.966666666666668561447295360267	716006.170666666665795219159917905927	846.171478287153490782657172530890	682.244444444444421093987074300458	345.448059450010226456573292352914
101	40928.816666666666666429819088079967	1173041.045666666665965749416500329971	1083.070194247199651726987212896347	694.727777777777787349133831185100	442.161555253783341484785651687162
102	41221.783333333333334991266383440234	8429745.073666666668032121378928422928	2903.402327213138505612732842564583	2173.544444444444441844055404544633	1185.309036613565326634400776129041
103	51113.549999999999997157829056959599	232216.395000000000919726517167873681	481.888363627925741639046464115381	364.500000000000002359223927328458	196.730100645529087585727801013036
104	47413.166666666666667850904559600167	576163.578666666667970730486558750272	759.054397699312858094344846904278	505.588888888888902783946832641959	309.882660229821698422147946416771
105	42757.183333333333333570180911920033	671921.933666666667591016448568552732	819.708444306063370277115609496832	566.022222222222225695986708160490	334.644571066743068687987516796056
106	46274.316666666666666429819088079967	1430812.697666666667146273539401590824	1196.165832009369296429213136434555	1021.449999999999969702013657979478	488.332656029109413386990468097792
107	38892.500000000000003552713678800501	486756.659999999999541842043981887400	697.679482283949596421734895557165	527.266666666666679930131067521870	284.826455934135451514288561725152
108	50499.250000000000000000000000000000	380807.014999999999787405613460578024	617.095628731884630724380258470774	399.249999999999995253796569727456	251.928235482514631005113159289976
109	47984.816666666666662877105409279466	907746.525666666665188131446484476328	952.757327794788807295844890177250	651.483333333333329562275793023218	388.961550299140923853125073605952
110	38633.983333333333334280723647680134	1205562.789666666666448691103141754866	1097.981233749769899077364243566990	825.088888888888893291539972096871	448.248961639746775875714490666724
111	46303.800000000000000710542735760100	580768.332000000000334694050252437592	762.081578310353847882652189582586	602.733333333333338999171502337049	311.118501539204534878102492712060
112	41986.899999999999998578914528479800	1890094.243999999999914507498033344746	1374.806984270883049248368479311466	1182.866666666666636387184041723231	561.262601046367065993347722496765
113	37614.050000000000000710542735760100	688902.594999999999572537490166723728	830.001563251539892007713206112385	600.433333333333306314205657372440	338.846719279775059507908707701063
114	46682.849999999999997868371792719699	157128.587000000000131194610730744898	396.394484068585370550863444805145	322.700000000000005201394870368858	161.827370470304975624831200775589
115	43707.216666666666668561447295360267	512386.637666666666888204417773522437	715.811873097021702960773836821318	531.949999999999980360154694380981	292.228973485594794801123441629898
116	54158.983333333333334280723647680134	1494697.869666666666262244689278304577	1222.578369539829054701840505003929	778.144444444444485953216172902103	499.115529322732232903048199545992
117	44778.483333333333334280723647680134	1450393.829666666666298624477349221706	1204.322975645099404573556967079639	1075.449999999999988631316227838397	491.662795973464410492770326754908
118	51296.916666666666660745477201999165	332698.137666666667286108349799178541	576.799911292179899646725971251726	474.816666666666672341756694208925	235.477577724740301939876374603955
119	41972.583333333333332149095440399833	4538533.377666666666755190817639231682	2130.383387483733258704887703061104	1733.883333333333344739024539649108	869.725375972847646821595191113374
120	46128.766666666666665719276352319866	1797867.498666666666395030915737152100	1340.845814650836928194621577858925	1079.188888888888906536500655874988	547.398011606829955510988838796038
121	43220.300000000000000710542735760100	1062846.040000000000190993887372314930	1030.944246795140770700527355074883	844.199999999999979138909367293309	420.881226317671145231713580869837
122	51207.866666666666663587648145039566	313826.774666666666888659165124408901	560.202440789636966655962169170380	348.922222222222212423270448766743	228.701688766052755569235799271155
123	48074.533333333333334991266383440234	2674552.254666666666480523417703807354	1635.405837908947432879358530044556	1426.899999999999996247446176766971	667.651637540949309257420907215419
124	45825.016666666666665719276352319866	2667781.305666666669139885925687849522	1633.334413298962545013637281954288	1298.077777777777801815339842050889	666.805981985098204511963615459536
125	43959.666666666666667850904559600167	1286711.834666666665498269139789044857	1134.333211480060072062769904732704	935.488888888888908468288718722761	463.089594403118159554599841953859
