0	0	42305	13909.5	598
1	1	43775.7	22820.6	707.34
2	2	43775.7	27677.3	608
3	3	45625.1	28810.3	608
4	4	48977.6	30210.1	706
5	5	48977.6	30874.5	694
6	6	48977.6	31225.4	836.255
7	7	49641.8	31078.7	878.404
8	8	50332.7	33893.5	696
9	9	51629.3	33208.7	785.556
10	10	51629.3	33894	824
11	11	51629.3	34341.5	1835.64
12	12	51629.3	35064.3	2094.74
13	13	51629.3	34728.9	1184
14	14	51629.3	34594.5	1163.56
15	15	51629.3	34943.5	856
16	16	51975.4	36033.2	1451.64
17	17	51975.4	36106.9	1138.35
18	18	52158.1	36603	1408
19	19	52158.1	37937.3	1728
20	20	52172.3	37136	2152.46
21	21	52172.3	37296	2391.98
22	22	52172.3	36506.7	3226.96
23	23	52172.3	37687.1	4946.79
24	24	52172.3	37384.1	1966.87
25	25	52172.3	37389	3400.42
26	26	52172.3	37210.9	1520.97
27	27	52200.8	37453.5	2288.09
28	28	52215.2	37235.4	1929.22
29	29	52215.2	36889.8	2191.15
30	30	52215.2	37097.9	1995.14
31	31	52292.6	37679.6	2736.73
32	32	52292.6	37637.9	1675.94
33	33	52292.6	38527.1	4277.87
34	34	52292.6	37496.3	1816.52
35	35	54302.4	37914.4	3163.25
36	36	54302.4	37570.7	1895.06
37	37	54302.4	39788.6	13665.7
38	38	54302.4	39151.8	5192.37
39	39	54302.4	38902.6	2937.47
40	40	54397.8	39658.7	3543.58
41	41	57241.9	39790.9	3013.22
42	42	57241.9	40296.7	2825.62
43	43	57288.7	40538	5888.58
44	44	57288.7	40311.1	3283.33
45	45	57288.7	41243.4	3224.56
46	46	57288.7	40163.2	2314.3
47	47	57288.7	40713	5562.96
48	48	57288.7	40179.5	3096.35
49	49	57291	39730.7	2032.53
50	50	57899	39350.2	1843.78
51	51	57899	39833	3214.46
52	52	58246.1	40094.3	3978.47
53	53	58246.1	39225.5	1408
54	54	58246.1	40569.8	2285.23
55	55	58246.1	40145.3	3371.7
56	56	58246.1	39438.6	3215.23
57	57	58246.1	38822	1177.7
58	58	59376.1	40283	3334.03
59	59	59427.4	40747.5	2032.53
60	60	59427.4	41036	4154.56
61	61	59427.4	41141.2	3034.77
62	62	59427.4	40314.7	4647.04
63	63	59496.4	40535.3	3485.85
64	64	59496.4	39963.5	2032.53
65	65	59496.4	41178	5273.05
66	66	59592.3	40465.5	1272.84
67	67	59592.3	40791.7	3952.29
68	68	59592.3	39865.4	4660.97
69	69	59592.3	40555	1766
70	70	59611	39967.4	2296.08
71	71	59611	41222.4	4480.03
72	72	59611	40921.6	3349.17
73	73	59611	40897.6	2697.17
74	74	59611	41380.9	2278.38
75	75	59704.3	40555.3	1279.87
76	76	59704.3	40691.8	9725.27
77	77	59723	39766.3	1272.84
78	78	59723	42181.8	10533.1
79	79	59723	41115.1	3302.61
80	80	59723	41222.7	1659.39
81	81	59723	42099.3	7287.39
82	82	59723	39400.2	1272.84
83	83	59723	41862.3	2585.76
84	84	59736.3	40509.8	1643.78
85	85	59736.3	40541.7	3521.79
86	86	59736.3	41336.9	3807.44
87	87	59736.3	39986.7	1272.84
88	88	59739.3	40848.2	3224.56
89	89	59739.3	41883	3485.85
90	90	59739.3	40528.1	2433.59
91	91	59755	40620.5	3485.85
92	92	59755	40175.9	3734.93
93	93	59755	39167.2	1272.84
94	94	59755	41727.7	9635.13
95	95	59755	40445.5	1813.73
96	96	59755	40067	3800.73
97	97	59755	39136.2	2872.21
98	98	59755	39832.5	1958.44
99	99	59755	41689.4	3523.62
100	100	59755	42106	1271.28
101	101	59755	41422.9	2119.49
102	102	59755	40631.4	1705.66
103	103	59755	41237	4523.4
104	104	59755	41895.4	3174.95
105	105	59755	41445.8	1272.84
106	106	59755	41123.9	1049.48
107	107	59755	41036.4	1581.16
108	108	59755	40345.8	1879.98
109	109	59755	41614.7	3202.12
110	110	59755	42220.7	3446.67
111	111	59755.3	41527.9	1643.78
112	112	59755.3	41663.1	4497.69
113	113	59755.3	42888.6	6978.77
114	114	59795	42727.8	2958.31
115	115	59795	42846.7	7007.85
116	116	59795	41816.5	2231.37
117	117	59795	42123.9	5712.11
118	118	59795	41947	9242.21
119	119	59795	42120.7	7553.23
120	120	59795	43150	3061.9
121	121	59795	42914.3	1702.98
122	122	59795	43119.6	14199.3
123	123	59795	43973.3	13778.5
124	124	59795	43494.7	10872.5
125	125	59795	43297.6	7032.66
126	126	59795	42715	4901.76
127	127	59795	43876.8	6943.72
128	128	59800.5	43206.8	6896.93
129	129	59800.5	43066.7	14048.8
130	130	59800.5	42434.5	3305.98
131	131	59800.5	41615	1546.28
132	132	59800.5	43516.9	8048.58
133	133	59800.5	43296.2	12030.9
134	134	59800.5	43438.6	8042.37
135	135	59800.5	43034.7	9932.76
136	136	59800.5	44036.1	12590.3
137	137	59800.5	44373.5	1528.84
138	138	59832.5	42445.8	1767.86
139	139	59832.5	42499.8	2089.75
140	140	59832.5	43626.9	7581.63
141	141	59832.5	41901.5	1280.02
142	142	59832.5	43926.2	2077.12
143	143	59832.5	43690.4	3779.66
144	144	59832.5	42545.8	5419.17
145	145	59832.5	42441	4102.99
146	146	59832.5	43249.9	2885.97
147	147	59872.5	41726.4	1743.18
148	148	59872.5	42683.2	1720
149	149	59872.5	42511.1	1722.53
150	150	59872.5	42347.5	3979.72
151	151	59872.5	42891.5	2416.97
152	152	59872.5	40898.9	1784.39
153	153	59872.5	42217.4	5105.53
154	154	59872.5	43248.7	5860.73
155	155	59872.5	42061.6	3560.08
156	156	59872.5	44050.7	5105.53
157	157	59872.5	43568	3901.49
158	158	59872.5	43171.1	4090.66
159	159	59872.5	43502	2495.05
160	160	59872.5	42192	1705.96
161	161	59872.5	41517.2	3933
162	162	59888.5	41518.8	4554.25
163	163	59888.5	43539.2	5195.27
164	164	59888.5	43003.6	1438.84
165	165	59888.5	43193.7	5105.53
166	166	59888.5	41998.1	2825.2
167	167	59888.5	44573.4	7532.42
168	168	59888.5	43357.7	3522.56
169	169	59888.5	43121.2	3360.2
170	170	59888.5	42850.9	1723.39
171	171	59888.5	42372.1	1781.81
172	172	59888.5	42567.3	4693.9
173	173	59888.5	42532.5	1495.32
174	174	59888.5	42350.2	4131
175	175	59888.5	43087.1	2685.81
176	176	59888.5	42818.3	4716.02
177	177	59888.5	43283.5	2758.6
178	178	59888.5	42388.8	3871.1
179	179	59888.5	42131.2	4948.73
180	180	59888.5	41619	1545.25
181	181	59888.5	43206.4	1736.09
182	182	59888.5	41888.6	1272.84
183	183	59888.5	42948.2	1408
184	184	59888.5	42887.7	5882.16
185	185	59888.5	42367.1	1528.84
186	186	59888.5	42499.3	4432.04
187	187	59888.5	43233.2	6598.27
188	188	59888.5	43909.7	3671.72
189	189	59888.5	43343.9	4612.35
190	190	59888.5	43500.5	5677.9
191	191	59888.5	41499.7	1408
192	192	59888.5	41458.7	2024.21
193	193	59888.5	41654.6	2633.93
194	194	59888.5	42066.8	1666.27
195	195	59888.5	42584	4563.56
196	196	59888.5	41881.9	1546
197	197	59888.5	42661.5	3239.79
198	198	59888.5	42592	1272.84
199	199	59888.5	43760.9	1562.53
200	200	59888.5	42722.7	1925.89
201	201	59888.5	43732.9	9558.8
202	202	59888.5	43166.5	4244.08
203	203	59888.5	43344	2031.55
204	204	59888.5	42110.4	4235.79
205	205	59888.5	41982.5	3513.24
206	206	59888.5	42624.9	1551.8
207	207	59888.5	42448.4	2097.34
208	208	59888.5	43312.2	2496.91
209	209	59888.5	41895.8	1309.24
210	210	59888.5	43071.2	4506.72
211	211	59888.5	43497.2	1296.84
212	212	59888.5	43298.6	1464.84
213	213	59888.5	42909.9	2956.34
214	214	59888.5	44737	11388.8
215	215	59888.5	42847.4	1674.59
216	216	59888.5	43432.7	4130.41
217	217	59888.5	42581.7	2439.41
218	218	59888.5	42827	2087.87
219	219	59888.5	43822.7	1532
220	220	59888.5	44029.1	12536.7
221	221	59888.5	43049.3	1779.87
222	222	59888.5	42784.4	1528.84
223	223	59888.5	42706.8	3267.07
224	224	59888.5	41915.8	1418.86
225	225	59888.5	42638.6	4636.43
226	226	59888.5	41796.2	1272.84
227	227	59888.5	42689.7	1409
228	228	59888.5	42550.1	2354.66
229	229	59888.5	43618.4	2329.39
230	230	59888.5	43668.8	9317.09
231	231	59888.5	43637	1272.84
232	232	59888.5	42565.8	1667.87
233	233	59888.5	43065.2	1819.5
234	234	59888.5	43522.2	7143.12
235	235	59888.5	43291.3	7204.73
236	236	59888.5	43187.8	2861.92
237	237	59888.5	42263.8	2753.64
238	238	59888.5	43230.4	7989.11
239	239	59888.5	42743.6	6350.78
240	240	59888.5	43335.8	12749.3
241	241	59909.8	43622	4797.51
242	242	59909.8	43235.5	7183.54
243	243	59909.8	42802	1408.3
244	244	59909.8	43802	6777.48
245	245	59909.8	42870.4	2943.34
246	246	59909.8	42627.4	1442.97
247	247	59909.8	42387.9	6700.27
248	248	59909.8	43544	1374.92
249	249	59909.8	43346.6	1840.36
250	250	59909.8	41954.9	1532
