0	0	44935.5	14375.2	640
1	1	44935.5	23020.3	770
2	2	48425.4	28766.5	696
3	3	48425.4	30304.3	512
4	4	51155.1	33757	792
5	5	52193.2	34442.2	1251.92
6	6	52550.2	35705.2	1408
7	7	52550.5	35617.4	796.643
8	8	53176.4	36747.3	864
9	9	53724.8	37565.7	953.17
10	10	53724.8	37180.3	2105.09
11	11	53724.8	38869.2	885.938
12	12	54344.4	38276.8	3091.76
13	13	54344.4	38147.9	3071.08
14	14	54344.4	39618.4	3752.14
15	15	54344.4	38811.9	1596.25
16	16	54752.4	39208.2	3436.76
17	17	54752.4	38846.8	4414.18
18	18	54857	37183.3	3091.76
19	19	54857	37420.3	3071.08
20	20	54857	38510.7	2004
21	21	54873.2	40079.9	4285.96
22	22	54873.2	38640.6	4270.04
23	23	54875.3	39712.5	2363.44
24	24	54964.2	38853.2	1645.89
25	25	54964.2	39366.4	2254.05
26	26	54992.5	39665.1	1858.08
27	27	54992.5	40042	5007.16
28	28	54992.5	40116.6	1408
29	29	54992.5	39650.6	2580.4
30	30	54992.5	40141.7	5513.99
31	31	54992.5	41177.5	5034.31
32	32	54992.5	39594.7	1680.93
33	33	54992.5	40450.5	5828.92
34	34	54993.6	40901.1	5597.4
35	35	54993.6	40633.9	5673.26
36	36	55057.8	40844.5	3384.61
37	37	55057.8	39883.1	1507.29
38	38	55057.8	40801.8	2908.21
39	39	55108.2	41209.1	5633.63
40	40	55108.3	40340.5	1798.67
41	41	55137.9	40288.8	5317.66
42	42	55170.8	40040.2	3007.63
43	43	55170.8	40762.1	1870.33
44	44	55241.1	42043.7	5771.09
45	45	55241.1	40192.5	1514.35
46	46	55314.9	40212.4	1771.2
47	47	55314.9	41030.3	5307.95
48	48	55314.9	40789.4	3524.35
49	49	55314.9	39443.3	4321.81
50	50	55314.9	40000.5	5477.42
51	51	55480.8	39723.9	2125.61
52	52	55480.8	39199.4	2358.07
53	53	55480.8	40591.9	5387.28
54	54	55480.8	40006.2	5673.26
55	55	55480.8	39385.3	1331.34
56	56	55584.3	40656.3	5673.26
57	57	55584.3	40242.1	2019.33
58	58	55584.3	41401.7	5482.57
59	59	55584.3	39394.1	5543.44
60	60	55584.3	40074.3	5079.3
61	61	55584.3	40991.1	5517.75
62	62	55584.3	41315.3	4918.78
63	63	55584.3	40503.3	5673.26
64	64	55584.3	39847.9	5575.77
65	65	55584.3	40752.8	6081.78
66	66	55584.3	41159.8	5997.93
67	67	55584.3	41518.4	5548.36
68	68	55626.4	40985.8	6415.87
69	69	55626.4	39463.4	3251.66
70	70	55626.4	40728.8	6557
71	71	55626.4	41404.7	6187.45
72	72	55626.4	41188.1	6353.94
73	73	55626.4	40475.7	5306.85
74	74	55626.4	40253.3	5656.88
75	75	55673.5	41436.4	5457.53
76	76	55673.5	41433.9	5673.26
77	77	55673.5	40866.4	5673.26
78	78	55706.4	40433.6	6557
79	79	55706.4	40628.5	5552.36
80	80	55706.4	39813.8	6005.33
81	81	55706.4	40351.4	6081.78
82	82	55706.4	39674.2	5456.9
83	83	55706.4	40198.1	5671.47
84	84	55706.4	39894.1	6412.5
85	85	55706.4	40545.5	1832.69
86	86	55795.8	40136.7	6245.54
87	87	55802.2	41002.4	2958.24
88	88	55802.2	40188.4	4727.25
89	89	55892.2	40409.2	4483.71
90	90	55892.2	40410.1	3817.64
91	91	55892.2	41083.5	4418.59
92	92	56116.8	40124.8	5709.77
93	93	56136.2	40567.3	5373.24
94	94	56227.3	38414.7	4507.63
95	95	56227.3	39889.1	4483.8
96	96	56341.6	39382.2	2535.87
97	97	56341.6	38836.9	5535.67
98	98	56341.6	39782.9	2631.25
99	99	56395.6	39355	1932.58
100	100	56484.1	38594.8	1720
101	101	56484.1	39270.5	1876.31
102	102	56484.1	39971.3	1408
103	103	56484.1	39162.1	5754.73
104	104	56484.1	39488.8	3061.18
105	105	56512.8	39709	3257.77
106	106	56512.8	40423.9	3738.66
107	107	56611.3	39770.5	2228.06
108	108	56611.3	40053.7	5051.44
109	109	56611.3	39333	3149.9
110	110	56611.3	39798.8	5786.6
111	111	56611.3	38789	5715.4
112	112	56655.8	39562.2	1862.41
113	113	56655.8	39906.7	5686.75
114	114	56659.3	38486.2	1854.8
115	115	56675.3	38977.3	5537.03
116	116	56675.3	39307	2285.99
117	117	56731.3	40240.3	4445.59
118	118	56731.3	38783.5	1501.11
119	119	56731.3	39667.8	2954.84
120	120	56731.3	40743.6	5926.78
121	121	56731.3	39044.3	5841.25
122	122	56801.3	39739.2	3081.23
123	123	56801.3	39663.9	5524.53
124	124	56801.3	38966.5	2027.22
125	125	56801.3	39353.8	2592.69
126	126	56801.3	39413.3	4988.47
127	127	56801.3	39441.5	2019.17
128	128	56801.3	40057	4120.43
129	129	56809.3	39605.2	3537.35
130	130	56809.3	40427.9	5043.3
131	131	56809.3	40000.7	5619.22
132	132	56809.3	40863.1	4764.99
133	133	56809.3	39793.2	2769.05
134	134	56809.3	40927.4	5805.49
135	135	56809.3	39410.1	1827.01
136	136	56809.3	39802	4724.13
137	137	56809.3	39304.6	2729.73
138	138	56809.3	39938.3	5233.38
139	139	56809.3	38574.6	2386
140	140	56809.3	39552.2	5764.57
141	141	56809.3	40269.3	2670.95
142	142	56809.3	38509	2597.25
143	143	56809.3	39142	1978.05
144	144	56809.3	40124.6	2961.74
145	145	56809.3	38851.9	1484.04
146	146	56809.3	39388	1794.97
147	147	56931.3	40377.4	5840.45
148	148	56931.3	40414.7	1536.07
149	149	56931.3	40101.8	2325.61
150	150	56931.3	40066.5	2032.53
151	151	56931.3	39361.8	1706.17
152	152	56931.3	39113.6	1408
153	153	56931.3	39390.7	1720.98
154	154	56931.3	40234.7	4553.74
155	155	56931.3	38449.5	1408
156	156	56931.3	40022.5	5457.53
157	157	56931.3	39296	3179.87
158	158	56931.3	39396.2	2519.38
159	159	56931.3	38535	1408
160	160	56931.3	38827.2	1762
161	161	56931.3	39885.7	2034.91
162	162	56931.3	39789.2	2214.03
163	163	56931.3	39329.6	1844.11
164	164	56931.3	38872.9	2082.55
165	165	56931.3	39072.8	1739.13
166	166	56931.3	39344.7	2330.02
167	167	56931.3	40235.4	1495.54
168	168	56931.3	40293	1883.45
169	169	56931.3	40835.3	2032.53
170	170	56931.3	39803.9	4162.49
171	171	56931.3	39042.2	1408
172	172	56931.3	40143	6212.74
173	173	56931.3	38557.3	1283.22
174	174	56931.3	38412.7	1408
175	175	56931.3	39000.1	1408
176	176	56931.3	39974.3	1408
177	177	56931.3	37698.1	1354.13
178	178	56931.3	39139.8	1636.98
179	179	56931.3	39112.2	1933.31
180	180	56931.3	39299.5	1755.12
181	181	56931.3	38121.3	1876
182	182	56931.3	39243.5	1621.33
183	183	56931.3	38973	1287.17
184	184	56931.3	38904.6	1899.52
185	185	56931.3	39404.4	1482.14
186	186	56931.3	38696.4	2799.56
187	187	56931.3	39021.9	1368
188	188	56931.3	39750.7	2301.38
189	189	56931.3	37956.7	1408
190	190	56931.3	37925.5	1446
191	191	56931.3	38030.6	2146.52
192	192	56931.3	39515.2	956.57
193	193	56931.3	38203.5	2356.8
194	194	56931.3	38943.4	1658.83
195	195	56931.3	38883	2331.73
196	196	56931.3	39343.1	1518.68
197	197	56931.3	37492.1	1211.04
198	198	56931.3	39212.7	2032.53
199	199	56931.3	39057.1	1645.89
200	200	56931.3	37068.1	1248.95
201	201	56931.3	38992.1	1201.6
202	202	56931.3	39855	4984.58
203	203	56931.3	39822.3	2145.08
204	204	56931.3	39080.2	1408
205	205	56931.3	39874.8	1329.72
206	206	56931.3	38740.6	1408
207	207	56931.3	39207.7	1992.33
208	208	56931.3	40754.8	1423.46
209	209	56931.3	39794.8	1408
210	210	56931.3	39361.5	1408
211	211	56931.3	40170.1	1408
212	212	56931.3	39427.4	2385.93
213	213	56931.3	39549.9	1088
214	214	56931.3	40063.3	1408
215	215	56931.3	38464.9	1714.97
216	216	56931.3	39169.5	1118.92
217	217	56931.3	39784.6	5602.57
218	218	56931.3	39562.5	1408
219	219	56931.3	39927.6	1739.87
220	220	56931.3	40137.7	3076.11
221	221	56931.3	40002.2	3959.19
222	222	56931.3	40144.9	1536.07
223	223	56931.3	39569.5	1680.95
224	224	56931.3	39215.4	2671.14
225	225	56931.3	39744.2	1536.07
226	226	56931.3	39447.3	1992.33
227	227	56931.3	40072.5	1683.11
228	228	56931.3	40455.6	2995.56
229	229	56931.3	40294.2	1531.25
230	230	56931.3	40929.7	2202.79
231	231	56931.3	39411.3	1925.89
232	232	56931.3	39821.4	1811.81
233	233	56931.3	40207.3	1859.6
234	234	56931.3	39823	1841.51
235	235	56931.3	39896.3	2680.67
236	236	56931.3	39806.4	2032.53
237	237	56931.3	39535.5	1807.07
238	238	56931.3	39711	1733.25
239	239	56931.3	40095	2045.55
240	240	56931.3	41350	1747.65
241	241	56931.3	41641.3	1645.89
242	242	56931.3	40316.1	1610.88
243	243	56931.3	41837.5	5845.04
244	244	56931.3	40423.6	1933.31
245	245	56931.3	39443.5	1222.64
246	246	56931.3	40692	1797.59
247	247	56931.3	40173.5	4748.82
248	248	56931.3	40819.8	2163.45
249	249	56931.3	39867	3854.07
250	250	56931.3	39954.9	1532
