0	429	220.534	109	286	147.188	73
1	452	198.77	56	289	128.046	16
2	416	187.932	75	254	113.856	16
3	413	191.362	75	253	114.5	18
4	438	207.036	79	253	118.832	10
5	483	209.142	87	259	119.056	10
6	527	205.966	78	245	114.772	15
7	539	193.17	62	201	108.34	10
8	415	173.958	71	201	100.94	10
9	383	163.356	70	195	96.834	10
10	404	164.314	80	198	96.14	11
11	402	160.764	88	174	90.784	10
12	365	163.36	84	150	90.522	19
13	351	162.762	86	151	90.942	15
14	346	164.09	76	151	90.348	10
15	308	163.714	84	147	90.444	10
16	358	168.624	84	119	90.244	15
17	360	160.09	76	134	90.852	15
18	360	160.346	84	170	91.06	15
19	330	161.918	87	153	92.248	11
20	288	166.35	89	139	93.26	15
21	309	172.032	92	144	94.062	11
22	330	176.112	91	129	94.282	11
23	351	182.732	84	145	96.114	11
24	352	181.684	83	132	95.65	11
25	346	180.342	76	166	96.036	11
26	346	178.148	88	135	96.192	11
27	346	178.518	88	164	95.262	10
28	363	177.88	94	128	94.454	11
29	362	178.872	72	138	93.672	11
30	352	182.046	87	131	94.852	10
31	351	188.524	90	120	94.61	10
32	373	192.974	87	148	95.85	11
33	341	200.994	93	151	96.486	11
34	341	199.616	97	164	94.618	11
35	370	204.184	88	153	96.03	10
36	413	209.134	102	174	95.786	11
37	413	213.326	98	143	94.666	11
38	413	217.448	107	155	95.624	11
39	428	215.046	110	125	96.132	11
40	416	209.622	100	218	96.172	11
41	390	201.186	106	132	95.218	10
42	373	201.008	104	137	95.564	11
43	401	204.466	94	131	94.8	11
44	410	212.62	80	192	96.23	11
45	440	224.68	117	169	97.622	10
46	461	236.042	118	162	98.152	10
47	526	242.468	117	207	98.642	11
48	454	249.764	83	138	99.52	11
49	503	252.59	100	194	98.386	11
50	486	255.844	102	143	97.484	10
51	482	260.71	89	197	97.238	11
52	482	246.526	100	227	99.616	11
53	519	243.22	65	221	99.35	11
54	446	236.314	100	225	99.044	10
55	473	232.098	88	225	99.842	11
56	464	225.53	88	235	100.766	10
57	425	230.16	87	234	101.376	18
58	409	227.532	106	231	102.9	11
59	415	224.798	100	224	102.344	11
60	425	220.078	100	158	100.006	10
61	432	218.638	94	126	99.3	11
62	425	215.946	117	178	99.51	11
63	440	215.378	115	146	98.298	11
64	437	209.702	99	132	99.506	8
65	455	206.526	99	165	99.386	11
66	503	209.034	99	150	99.472	27
67	518	210.56	102	128	98.708	11
68	508	211.118	102	132	99.666	11
69	445	213.532	100	168	99.668	11
70	450	217.704	101	118	98.52	10
71	475	223.256	97	217	101.63	11
72	447	217.462	99	181	100.524	11
73	449	220.476	114	136	101.05	11
74	452	221.834	104	133	99.11	11
75	452	223.934	104	136	101.07	11
76	386	225.648	106	172	101.4	11
77	417	227.35	115	219	100.958	11
78	387	226.112	118	217	103.326	13
79	408	229.414	127	192	102.69	11
80	395	226.016	84	126	101.688	11
81	379	227.292	125	209	101.804	13
82	432	231.472	120	210	101.584	11
83	479	231.352	123	135	103.278	13
84	479	229.304	99	197	102.994	11
85	479	230.22	109	165	103.034	9
86	426	236.202	135	206	103.476	13
87	457	238.806	104	242	103.712	13
88	489	234.63	121	228	104.274	13
89	489	229.484	123	204	105.42	13
90	450	230.798	101	204	103.776	11
91	492	232.998	118	165	102.514	9
92	468	228.414	106	144	102.42	11
93	453	229.242	122	218	102.346	13
94	441	227.188	106	220	103.004	11
95	456	227.11	106	146	102.948	11
96	449	230.63	102	129	102.182	13
97	465	241.536	113	217	102.514	11
98	472	244.978	115	206	103.136	13
99	424	246.088	115	213	102.928	11
100	429	244.46	103	202	104.258	13
101	451	241.752	101	207	103.368	11
102	432	243.994	113	229	103.244	9
103	429	246.85	104	202	102.378	13
104	487	243.566	129	200	102.872	13
105	448	239.226	113	210	105.078	13
106	448	236.308	121	178	103.502	13
107	432	232.226	108	210	105.35	13
108	432	230.542	129	197	104.668	13
109	378	229.968	106	130	106.044	13
110	375	230.574	125	157	105.178	13
111	378	232.934	115	202	105.956	13
112	412	233.218	126	210	105.59	13
113	442	235.994	116	165	105.374	13
114	412	233.646	135	200	106.286	13
115	397	233.86	145	205	105.256	11
116	417	234.216	109	189	105.342	19
117	408	236.222	129	209	106.134	12
118	396	236.826	119	194	106.17	13
119	411	240.732	129	183	105.368	19
120	405	244.332	101	161	106.016	14
121	408	249.396	133	185	106.374	13
122	498	248.49	123	204	104.278	12
123	498	251.778	128	174	104.646	13
124	515	248.478	151	184	106.61	19
125	537	251.13	118	192	107.144	13
126	544	246.842	129	192	107.01	14
127	526	249.208	120	178	106.908	13
128	526	249.908	128	182	106.376	12
129	454	244.25	135	201	105.112	15
130	463	241.512	131	173	104.868	13
131	463	246.698	129	175	104.584	13
132	424	250.864	130	187	105.398	11
133	460	254.474	111	187	105.788	19
134	469	256.41	121	187	105.914	18
135	483	264.736	140	174	105.14	13
136	414	271.364	152	189	105.712	11
137	431	276.89	128	177	105.462	15
138	436	280.906	139	190	104.946	13
139	473	286.306	136	183	103.17	13
140	458	291.134	155	194	106.404	19
141	456	295.682	158	172	104.468	13
142	445	298.838	142	186	104.354	19
143	443	299.182	162	122	103.644	15
144	443	303.406	123	194	104.384	13
145	488	311.584	167	197	104.796	14
146	514	315.422	172	170	104.416	14
147	522	316.964	178	204	103.306	13
148	522	319.98	148	163	103.89	13
149	517	322.096	148	181	104.07	18
150	509	325.18	150	213	104.1	14
151	504	320.478	159	205	104.896	14
152	540	320.826	158	177	103.714	13
153	547	328.49	179	199	104.742	13
154	522	325.37	183	185	105.426	13
155	539	325.238	154	147	104.228	14
156	568	328.336	145	201	104.888	13
157	571	333.968	183	180	104.102	24
158	571	338.962	152	204	102.684	14
159	607	347.108	208	261	104.6	19
160	607	352.016	209	191	103.288	14
161	608	353.152	210	204	103.598	14
162	611	349.602	207	172	102.346	13
163	611	348.966	225	142	103.548	13
164	537	351.566	228	145	101.926	13
165	542	351.416	192	217	103.908	13
166	566	350.264	226	137	102.374	13
167	602	354.258	202	170	103.666	11
168	602	351.254	250	180	103.314	13
169	602	354.514	240	165	102.216	13
170	659	353.782	253	145	101.85	11
171	526	355.862	253	245	102.516	14
172	548	359.448	240	196	102.822	14
173	534	358.658	239	179	103.666	14
174	534	362.154	253	170	103.508	14
175	616	364.826	243	170	101.632	14
176	633	368.85	231	135	101.368	14
177	653	369.728	270	136	103.246	14
178	633	358.412	239	140	102.422	14
179	604	356.43	231	142	102.394	14
180	604	356.558	254	140	101.2	11
181	626	351.926	263	146	102.598	13
182	603	352.224	225	215	102.71	14
183	557	353.878	220	189	103.722	14
184	494	354.992	246	172	102.862	14
185	494	356.198	248	139	102.054	14
186	499	355.694	231	123	101.932	14
187	575	357.676	234	195	103.198	13
188	576	362.44	255	233	102.624	13
189	526	362.376	258	139	102.54	14
190	511	362.09	238	177	103.316	14
191	559	357.944	228	200	101.456	13
192	504	360.152	228	196	102.038	13
193	526	362.696	254	163	102.232	12
194	539	363.198	220	131	101.914	13
195	528	363.998	241	166	102.61	14
196	533	369.23	273	126	101.68	14
197	568	371.78	247	258	104.112	14
198	579	374.642	238	261	103.418	14
199	589	378.888	243	262	102.856	13
200	604	379.718	229	141	102.618	11
201	589	376.398	231	209	104.178	14
202	568	374.428	246	170	103.416	11
203	503	380.964	258	261	103.67	13
204	519	385.658	253	140	102.712	13
205	551	387.006	245	245	103.632	14
206	590	394.73	204	123	103.152	11
207	594	401.21	245	129	102.196	14
208	555	406.332	272	265	104.398	13
209	576	406.662	276	272	103.434	15
210	569	404.54	256	244	104.444	17
211	572	410.192	268	164	104.632	14
212	573	416.058	268	247	104.266	11
213	608	415.32	276	267	103.988	14
214	616	416.356	241	276	104.412	14
215	643	419.522	205	130	102.27	14
216	657	414.156	222	248	103.57	13
217	625	418.386	262	263	102.586	13
218	599	425.788	291	259	103.608	14
219	576	419.874	299	261	103.752	17
220	590	419.178	254	184	103.236	11
221	612	420.004	306	270	102.704	13
222	590	417.832	239	258	104.32	14
223	623	417.67	259	245	102.878	14
224	653	419.548	268	203	103.614	13
225	679	416.482	269	271	104.102	14
226	580	413.73	284	123	103.446	14
227	598	412.654	289	247	104.414	14
228	686	418.252	204	296	103.19	14
229	662	411.866	224	258	103.968	13
230	599	413.4	271	268	105.636	14
231	598	417.32	272	248	105.26	17
232	602	420.626	275	252	104.044	13
233	603	427.18	268	260	104.24	17
234	652	427.648	284	209	104.168	16
235	739	427.236	283	155	103.518	14
236	634	429.59	282	127	102.348	14
237	589	423.894	279	193	102.264	13
238	568	423.722	282	258	103.276	13
239	628	420.854	271	199	103.172	13
240	628	418.982	304	261	103.914	14
241	640	423.718	269	273	103.1	11
242	626	428.406	268	145	103.148	22
243	626	430.77	311	184	104	13
244	626	431.128	309	198	105.618	30
245	626	426.524	297	261	104.262	14
246	605	423.296	289	271	104.206	14
247	627	424.316	289	197	103.676	14
248	627	426.328	282	186	104.984	13
249	606	429.266	284	266	105.066	13
250	643	426.816	249	266	103.9	11
