0	37972.399999999999998578914528479800	36730.600000000000001421085471520200	38133.000000000000000000000000000000	38470.899999999999998578914528479800
1	39351.600000000000001421085471520200	37239.199999999999999289457264239900	38219.000000000000000000000000000000	38470.899999999999998578914528479800
2	39543.600000000000001421085471520200	38509.500000000000000000000000000000	38240.500000000000000000000000000000	39683.800000000000000710542735760100
3	39845.100000000000001421085471520200	39534.199999999999999289457264239900	39166.399999999999998578914528479800	39984.000000000000000000000000000000
4	40159.899999999999998578914528479800	40168.300000000000000710542735760100	40512.199999999999999289457264239900	40064.500000000000000000000000000000
5	40776.699999999999999289457264239900	40168.300000000000000710542735760100	40512.199999999999999289457264239900	40114.800000000000000710542735760100
6	40776.699999999999999289457264239900	40325.199999999999999289457264239900	40512.199999999999999289457264239900	40353.100000000000001421085471520200
7	40801.699999999999999289457264239900	40325.199999999999999289457264239900	40604.699999999999999289457264239900	40353.100000000000001421085471520200
8	41089.300000000000000710542735760100	40508.699999999999999289457264239900	40619.000000000000000000000000000000	40881.300000000000000710542735760100
9	41355.500000000000000000000000000000	41051.699999999999999289457264239900	40911.300000000000000710542735760100	40881.300000000000000710542735760100
10	41493.899999999999998578914528479800	41051.699999999999999289457264239900	40994.100000000000001421085471520200	40881.300000000000000710542735760100
11	41493.899999999999998578914528479800	41082.100000000000001421085471520200	41052.500000000000000000000000000000	40881.300000000000000710542735760100
12	41657.500000000000000000000000000000	41164.500000000000000000000000000000	41149.500000000000000000000000000000	41179.000000000000000000000000000000
13	41657.500000000000000000000000000000	41164.500000000000000000000000000000	41190.899999999999998578914528479800	41598.699999999999999289457264239900
14	41657.500000000000000000000000000000	41188.899999999999998578914528479800	41190.899999999999998578914528479800	41598.699999999999999289457264239900
15	41742.500000000000000000000000000000	41385.699999999999999289457264239900	41343.100000000000001421085471520200	41598.699999999999999289457264239900
16	41742.500000000000000000000000000000	41478.000000000000000000000000000000	41894.899999999999998578914528479800	41600.699999999999999289457264239900
17	41934.800000000000000710542735760100	41478.000000000000000000000000000000	41942.399999999999998578914528479800	41600.699999999999999289457264239900
18	41934.800000000000000710542735760100	41996.399999999999998578914528479800	41942.399999999999998578914528479800	41600.699999999999999289457264239900
19	41934.800000000000000710542735760100	42059.300000000000000710542735760100	41942.399999999999998578914528479800	41606.699999999999999289457264239900
20	41934.800000000000000710542735760100	42451.399999999999998578914528479800	41975.600000000000001421085471520200	41608.300000000000000710542735760100
21	41934.800000000000000710542735760100	42451.399999999999998578914528479800	42134.899999999999998578914528479800	41641.000000000000000000000000000000
22	41934.800000000000000710542735760100	42451.399999999999998578914528479800	42134.899999999999998578914528479800	41781.100000000000001421085471520200
23	41934.800000000000000710542735760100	42451.399999999999998578914528479800	42233.000000000000000000000000000000	41781.100000000000001421085471520200
24	41972.899999999999998578914528479800	42523.199999999999999289457264239900	42233.000000000000000000000000000000	41781.100000000000001421085471520200
25	41972.899999999999998578914528479800	42523.199999999999999289457264239900	42271.500000000000000000000000000000	41781.100000000000001421085471520200
26	41972.899999999999998578914528479800	42523.199999999999999289457264239900	42271.500000000000000000000000000000	41971.300000000000000710542735760100
27	42054.000000000000000000000000000000	43019.399999999999998578914528479800	42403.699999999999999289457264239900	42031.899999999999998578914528479800
28	42054.000000000000000000000000000000	43431.500000000000000000000000000000	42403.699999999999999289457264239900	42031.899999999999998578914528479800
29	42109.199999999999999289457264239900	43548.500000000000000000000000000000	42403.699999999999999289457264239900	42031.899999999999998578914528479800
30	42109.199999999999999289457264239900	43548.500000000000000000000000000000	42519.800000000000000710542735760100	42031.899999999999998578914528479800
31	42109.199999999999999289457264239900	43548.500000000000000000000000000000	42695.500000000000000000000000000000	42031.899999999999998578914528479800
32	42200.899999999999998578914528479800	43548.500000000000000000000000000000	42695.500000000000000000000000000000	42031.899999999999998578914528479800
33	42200.899999999999998578914528479800	43643.000000000000000000000000000000	42695.500000000000000000000000000000	42031.899999999999998578914528479800
34	42200.899999999999998578914528479800	43822.699999999999999289457264239900	42695.500000000000000000000000000000	42031.899999999999998578914528479800
35	42200.899999999999998578914528479800	43822.699999999999999289457264239900	42751.000000000000000000000000000000	42050.699999999999999289457264239900
36	42200.899999999999998578914528479800	43822.699999999999999289457264239900	42751.000000000000000000000000000000	42062.300000000000000710542735760100
37	42200.899999999999998578914528479800	43822.699999999999999289457264239900	42751.000000000000000000000000000000	42146.199999999999999289457264239900
38	42214.600000000000001421085471520200	43822.699999999999999289457264239900	42751.000000000000000000000000000000	42146.199999999999999289457264239900
39	42221.699999999999999289457264239900	43939.300000000000000710542735760100	42770.800000000000000710542735760100	42205.100000000000001421085471520200
40	42221.699999999999999289457264239900	43939.300000000000000710542735760100	42859.800000000000000710542735760100	42272.699999999999999289457264239900
41	42221.699999999999999289457264239900	43939.300000000000000710542735760100	42859.800000000000000710542735760100	42272.699999999999999289457264239900
42	42221.699999999999999289457264239900	43939.300000000000000710542735760100	42859.800000000000000710542735760100	42272.699999999999999289457264239900
43	42222.600000000000001421085471520200	43939.300000000000000710542735760100	42859.800000000000000710542735760100	42272.699999999999999289457264239900
44	42222.600000000000001421085471520200	43939.300000000000000710542735760100	42875.100000000000001421085471520200	42272.699999999999999289457264239900
45	42222.600000000000001421085471520200	43939.300000000000000710542735760100	42875.100000000000001421085471520200	42272.699999999999999289457264239900
46	42300.300000000000000710542735760100	43939.300000000000000710542735760100	42875.100000000000001421085471520200	42329.800000000000000710542735760100
47	42395.600000000000001421085471520200	43978.500000000000000000000000000000	42926.899999999999998578914528479800	42354.800000000000000710542735760100
48	42395.600000000000001421085471520200	43978.500000000000000000000000000000	42955.699999999999999289457264239900	42354.800000000000000710542735760100
49	42395.600000000000001421085471520200	43978.500000000000000000000000000000	43011.899999999999998578914528479800	42354.800000000000000710542735760100
50	42395.600000000000001421085471520200	43978.500000000000000000000000000000	43011.899999999999998578914528479800	42354.800000000000000710542735760100
