0	393	164.708	102	262	109.974	68
1	358	161.54	90	208	101.76	10
2	330	162.37	55	208	94.84	8
3	312	167.33	94	175	92.682	10
4	304	172.14	92	175	92.572	11
5	313	184.634	94	169	90.742	11
6	313	190.708	91	161	89.29	8
7	326	197.724	87	168	90.852	11
8	321	201.096	94	166	93.984	13
9	374	212.134	89	167	94.678	11
10	374	219.656	92	161	97.036	12
11	397	229.778	84	149	99.94	8
12	449	237.294	103	140	105.146	18
13	449	250.356	110	160	108.302	14
14	427	246.966	139	151	111.834	19
15	469	256.394	156	146	111.608	19
16	525	270.35	133	139	113.53	25
17	558	287.02	145	146	113.886	19
18	558	297.474	150	145	114.138	18
19	560	309.192	150	139	115.4	19
20	560	313.548	140	135	114.832	14
21	565	313.456	191	139	115.806	18
22	495	316.214	194	189	116.73	19
23	508	316.888	178	139	116.422	17
24	536	312.5	187	137	117.122	18
25	519	310.308	150	150	116.988	13
26	519	305.122	191	142	117.408	19
27	519	303.446	188	135	116.322	12
28	453	303.304	192	147	116.826	19
29	462	303.978	167	143	118.218	19
30	496	302.794	185	176	118.554	19
31	584	310.104	173	137	117.888	19
32	493	309.608	209	134	116.78	14
33	491	308.96	152	138	117.154	14
34	514	312.744	184	136	116.852	19
35	474	313.844	207	134	116.83	15
36	478	313.32	195	139	116.726	12
37	487	317.412	194	137	116.768	19
38	503	318.792	203	140	116.108	19
39	505	320.788	192	139	116.94	12
40	551	324.288	186	147	116.492	12
41	551	328.134	181	149	116.786	19
42	548	335.164	203	139	116.776	19
43	538	340.328	192	138	115.418	19
44	607	340.736	191	140	116.328	15
45	607	349.422	208	152	116.336	21
46	643	355.276	193	138	115.226	15
47	643	364.188	194	139	115.212	12
48	674	367.774	222	152	116.22	19
49	696	370.164	227	174	116.018	18
50	675	371.68	222	138	116.104	18
51	736	383.296	227	141	116.16	13
52	734	385.866	240	159	116.306	19
53	725	380.498	260	145	115.93	17
54	734	382.372	240	135	115.424	19
55	673	385.77	172	160	117.026	14
56	675	393.162	246	151	117.314	12
57	675	403.72	245	139	117.016	19
58	593	402.894	201	140	118.376	19
59	608	413.376	249	145	118.938	15
60	609	422.822	230	138	117.996	19
61	654	431.424	276	143	119.096	29
62	651	434.568	247	166	118.55	12
63	651	445.264	281	137	119.7	20
64	630	455.196	259	138	119.234	12
65	645	457.632	238	137	119.262	19
66	642	465.39	284	139	119.012	22
67	668	476.134	229	139	118.64	13
68	658	487.182	321	137	118.092	15
69	702	494.932	314	137	117.774	23
70	702	499.604	322	140	116.76	8
71	696	494.348	339	140	119.002	12
72	689	501.842	334	135	116.744	12
73	650	504.648	338	160	117.082	13
74	645	514.34	344	161	117.076	18
75	690	524.468	362	140	117.722	15
76	681	537.592	377	143	117.67	23
77	707	546.95	399	167	116.388	20
78	701	550.922	389	138	116.396	12
79	730	559.83	375	138	118.932	20
80	729	562.034	425	139	120.916	12
81	822	564.23	408	138	120.444	23
82	729	568.982	412	174	120.388	18
83	766	569.446	395	152	122.092	23
84	797	572.554	401	138	119.97	19
85	794	573.716	350	138	119.834	12
86	719	574.344	268	138	120.066	23
87	771	577.552	284	146	121.4	23
88	771	581.17	453	140	120.218	20
89	826	585.974	420	140	121.114	23
90	808	595.53	392	139	120.034	20
91	808	593.456	324	139	120.742	30
92	834	594.444	446	141	120.934	19
93	805	590.764	442	140	120.806	23
94	835	574.424	389	142	120.128	20
95	787	568.192	417	140	120.558	19
96	759	562.408	375	162	120.592	26
97	800	566.822	408	151	121.256	13
98	835	569.41	359	138	121.414	23
99	786	572.322	420	138	119.9	20
100	795	583.074	420	137	119.962	14
101	809	589.272	414	136	119.88	13
102	787	594.35	421	165	119.442	13
103	830	602.52	423	137	120.614	20
104	860	614.87	359	137	121.092	12
105	895	625.092	426	137	121.218	8
106	917	626.722	392	148	121.966	20
107	892	618.812	388	140	118.502	12
108	941	603.774	374	160	121.788	20
109	870	595.3	388	136	120.294	12
110	848	598.89	392	159	120.742	20
111	930	595.478	383	138	121.246	12
112	936	596.264	389	145	119.99	23
113	862	587.236	401	139	120.732	12
114	865	594.538	372	139	119.768	16
115	865	606.594	404	146	119.974	20
116	914	604.668	391	137	119.352	8
117	865	615.074	404	139	121.412	8
118	920	619.666	335	142	120.216	22
119	933	631.634	389	166	121.666	23
120	968	643.516	389	148	118.864	15
121	980	657.312	399	162	120.606	19
122	968	655.636	487	167	120.748	11
123	1022	656.98	440	138	119.916	22
124	882	653.3	444	180	121.472	19
125	942	653.572	425	182	121.8	20
126	943	652.466	488	180	120.912	22
127	1006	660.34	460	180	121.908	23
128	944	655.514	494	173	121.536	15
129	975	654.27	499	173	120.574	20
130	936	650.574	501	139	121.776	23
131	893	655.442	531	139	120.156	19
132	921	659.606	504	143	120.812	15
133	875	655.998	470	157	120.994	19
134	973	662.46	517	140	121.268	13
135	973	676.202	523	141	121.308	23
136	951	679.152	518	142	121.008	20
137	951	684.94	521	143	120.37	13
138	991	686	536	146	120.18	23
139	991	685.78	549	148	120.912	12
140	1030	691.9	537	143	120.588	20
141	1030	697.75	517	149	120.016	13
142	1030	704.256	556	195	122.252	13
143	1030	700.796	557	147	122.61	13
144	906	700.698	548	141	121.656	12
145	906	707.408	563	153	122.634	22
146	903	716.488	591	147	121.712	22
147	920	714.85	537	143	121.492	12
148	912	714.134	549	142	121.776	23
149	950	708.392	560	152	121.606	23
150	867	705.166	560	142	121.056	23
151	867	703.634	559	174	121.732	12
152	876	702.696	575	163	121.88	15
153	892	705.764	520	149	122.076	23
154	866	705.992	579	150	120.802	12
155	923	708.692	575	142	121.408	23
156	923	710.454	556	166	121.318	23
157	975	709.518	501	147	122.024	23
158	964	704.65	533	142	120.908	20
159	886	705.244	536	198	121.168	20
160	892	701.294	559	162	121.186	23
161	888	705.126	552	153	120.632	23
162	880	711.762	549	145	120.936	14
163	882	709.968	536	151	120.402	16
164	982	709.598	517	156	120.526	20
165	897	712.162	586	228	122.234	18
166	919	711.24	575	153	121.016	15
167	874	708.082	556	150	120.638	20
168	907	706.522	552	138	120.68	18
169	840	707.786	557	144	120.33	17
170	908	709.97	572	178	121.012	18
171	922	713.46	553	161	119.924	15
172	935	719.82	567	153	120.844	26
173	927	724.734	539	168	120.608	13
174	958	728.818	559	156	119.62	19
175	978	731.488	553	143	119.098	13
176	971	734.468	591	158	120.356	20
177	971	735.296	572	161	120.4	20
178	936	734.086	579	169	120.484	12
179	963	739.324	548	184	117.764	20
180	985	740.17	505	161	119.462	13
181	1018	747.914	579	205	118.394	20
182	984	746.328	574	154	117.256	12
183	980	745.112	606	160	115.232	20
184	995	744.098	579	159	116.556	20
185	1011	746.704	553	162	116.222	12
186	1014	745.456	568	161	117.784	20
187	1060	745.728	563	174	116.404	20
188	1039	750.508	618	165	117.346	15
189	934	747.392	577	172	117.83	12
190	948	753.61	570	168	117.422	20
191	1013	755.716	585	162	116.634	13
192	1013	757.802	489	156	116.72	20
193	1056	760.802	625	165	116.198	14
194	1024	764.69	550	168	117.906	12
195	1105	763.868	591	152	116.538	13
196	1030	758.872	584	150	116.244	20
197	1030	754.608	592	150	117.392	14
198	1051	752.102	612	155	116.556	19
199	1056	752.4	597	139	116.77	13
200	939	747.852	615	165	117.428	13
201	1011	742.5	573	157	116.762	13
202	948	742.064	573	158	117.554	20
203	971	744.296	549	161	116.688	13
204	986	743.284	594	161	116.732	19
205	950	738.282	606	168	117.924	15
206	983	742.056	566	161	119.02	15
207	962	748.074	613	157	117.464	20
208	969	745.376	553	157	116.658	20
209	1007	752.784	568	187	117.198	20
210	1007	757.152	597	161	118.634	20
211	1013	760.804	592	169	117.358	13
212	1013	765.97	536	142	116.494	20
213	1104	772.118	553	154	117.574	19
214	1027	774.698	592	171	117.05	11
215	1039	778.97	608	166	117.17	14
216	1079	781.422	610	169	116.534	14
217	1079	782.046	590	165	117.25	19
218	1079	777.584	632	168	116.866	12
219	1047	781.138	593	169	118.386	19
220	1029	775.824	626	155	117.836	14
221	1083	781.428	611	165	117.668	11
222	1069	776.63	573	181	117.216	14
223	1051	774.966	612	183	118.574	11
224	1041	774.508	610	158	117.456	11
225	1022	776.278	612	158	116.414	20
226	982	776.044	580	172	117.942	18
227	982	777.716	626	163	117.274	14
228	994	775.574	610	177	116.336	11
229	949	767.132	605	170	118.138	15
230	923	761.326	592	176	117.932	20
231	929	762.102	619	145	118.346	12
232	957	767.128	629	174	118.112	11
233	931	758.488	610	167	117.63	11
234	943	766.272	619	162	116.916	16
235	1005	770.71	605	177	117.342	21
236	1005	765.83	615	164	117.446	20
237	948	763.044	606	159	117.372	11
238	977	767.866	599	171	116.964	11
239	951	772.716	609	167	117.478	20
240	942	771.506	595	181	117.696	12
241	978	776.646	596	178	118.394	14
242	962	773.874	643	164	116.62	20
243	962	766.516	645	169	115.628	11
244	951	766.466	574	158	115.016	20
245	951	770.84	634	153	116.214	19
246	983	779.88	641	155	116.356	19
247	969	780.98	595	167	118.054	20
248	1009	784.328	627	164	115.826	18
249	991	786.702	553	161	116.198	12
250	1058	790.808	584	180	118.184	19
