0	415	162.806	99	277	108.704	66
1	307	157.89	91	214	100.896	11
2	322	160.806	90	220	96.44	10
3	315	164.74	45	203	92.848	11
4	340	168.436	55	144	91.474	8
5	303	170.336	90	131	89.908	10
6	332	168.164	79	154	87.474	9
7	334	166.86	81	166	82.32	10
8	322	158.612	56	176	76.948	12
9	347	151.934	80	135	69.768	8
10	291	145.1	74	143	58.528	9
11	320	146.576	75	143	47.174	10
12	360	151.408	75	128	40.516	11
13	303	152.498	82	113	35.588	11
14	262	148.93	62	99	34.316	10
15	273	149.37	77	81	33.67	10
16	260	147.852	62	110	34.786	10
17	257	143.764	77	73	36.928	11
18	226	143.892	77	92	38.928	11
19	240	141.574	78	94	40.972	10
20	251	140.04	74	112	41.674	10
21	250	138.624	75	86	41.554	11
22	228	136.898	80	82	42.884	11
23	232	136.208	80	91	44.21	12
24	225	133.668	77	109	44.038	10
25	242	133.37	87	93	43.894	11
26	252	133.854	77	95	45.024	13
27	252	135.628	84	101	45.312	13
28	252	134.892	75	105	45.454	11
29	286	135.762	77	100	45.188	13
30	286	136.234	77	101	44.574	12
31	263	134.678	77	104	45.33	13
32	269	133.028	71	103	44.252	11
33	242	132.446	64	108	44.846	10
34	225	135.382	67	93	44.514	11
35	233	137.034	76	97	44.804	11
36	222	140.776	67	106	45.508	11
37	225	139.922	56	97	45.168	12
38	256	137.62	64	118	45.654	11
39	256	137.144	56	88	45.424	13
40	258	135.14	64	100	46.75	12
41	275	141.182	57	95	46.938	13
42	267	143.694	57	99	47.604	11
43	267	149.244	56	109	48.06	13
44	264	152.016	74	95	47.754	12
45	266	156.112	68	110	49.534	14
46	272	166.818	73	134	51.528	13
47	283	175.684	75	134	54.902	13
48	305	183.188	67	119	56.668	13
49	279	188.784	67	120	59.322	13
50	332	194.228	67	125	60.31	12
51	307	195.502	50	114	61.394	11
52	344	205.878	80	122	63.45	13
53	344	208.434	73	170	64.326	12
54	345	208.682	66	170	64.336	13
55	349	211.922	110	170	64.078	13
56	383	215.744	104	131	66.002	11
57	445	219.106	104	131	64.74	16
58	445	220.32	96	140	64.828	13
59	445	223.768	111	118	65.88	16
60	445	233.098	101	116	68.198	13
61	445	245.504	112	123	72.246	13
62	410	261.786	110	117	74.664	16
63	421	273.46	124	111	75.608	14
64	457	276.034	119	129	76.698	16
65	430	285.868	139	103	76.588	16
66	425	294.406	139	148	77.178	15
67	444	302.98	138	113	77.948	11
68	459	314.474	156	113	77.558	10
69	462	321.544	156	95	77.738	17
70	466	326.538	141	114	78.98	16
71	460	326.738	180	146	78.966	15
72	467	325.642	139	156	78.932	19
73	521	325.878	162	118	79.618	15
74	499	328.432	163	117	79.57	10
75	526	327.09	199	124	80.102	16
76	511	327.102	209	134	80.822	15
77	513	321.316	182	132	81.714	15
78	500	320.388	149	138	82.05	16
79	519	326.502	192	131	81.576	15
80	500	330.672	202	136	82.386	16
81	491	339.578	190	100	81.982	14
82	482	338.586	141	125	81.62	15
83	461	340.734	200	137	81.342	13
84	461	342.832	218	153	81.604	16
85	452	344.078	225	145	81.186	16
86	466	346.13	234	117	80.466	15
87	473	345.716	243	117	79.848	16
88	450	346.262	243	133	80.62	16
89	465	347.194	224	128	81.148	16
90	470	353.602	242	135	82.5	16
91	457	356.834	224	137	82.44	11
92	464	362.226	225	133	82.51	10
93	466	366.486	227	133	82.402	15
94	493	369.878	247	145	81.938	10
95	511	373.77	197	128	81.316	15
96	493	378.558	248	154	82.17	10
97	491	384.646	291	161	83.606	16
98	539	385.122	229	106	81.676	10
99	527	387.11	229	154	82.368	16
100	520	389.834	273	124	82.358	10
101	561	390.88	271	156	82.566	10
102	559	391.686	223	159	82.568	10
103	590	392.356	271	152	82.01	10
104	572	393.632	271	143	82.166	10
105	543	397.348	263	143	82.518	10
106	573	400.162	263	166	82.722	10
107	565	400.84	263	166	82.79	15
108	565	402.764	263	154	81.21	10
109	594	401.072	224	118	81.288	10
110	535	401.488	216	116	81.312	10
111	600	404.926	268	143	82.894	10
112	580	400.75	240	126	82.484	10
113	554	400.756	252	147	81.578	11
114	552	396.544	252	154	82.732	10
115	618	392.484	271	140	83.098	10
116	625	395.982	252	154	83.686	10
117	597	392.32	233	158	82.506	15
118	574	389.778	233	151	82.09	10
119	557	385.614	183	124	81.31	10
120	557	387.224	301	117	83.056	16
121	563	388.102	262	133	81.63	10
122	515	386.29	243	152	82.528	15
123	515	386.64	268	142	82.886	15
124	485	384.542	290	152	83.314	15
125	509	381.97	290	142	82.54	10
126	523	381.932	298	155	82.628	16
127	515	384.936	288	152	82.446	16
128	508	385.404	288	152	82.43	16
129	508	385.48	262	135	82.996	21
130	508	387.61	269	124	81.742	10
131	508	389.05	226	159	81.764	10
132	508	393.192	259	147	82.91	10
133	527	399.304	234	123	82.446	15
134	537	405.146	298	133	82.882	16
135	534	404.672	298	152	83.692	10
136	517	403.794	305	125	82.852	15
137	570	404.776	281	131	82.952	16
138	529	405.202	254	158	82.316	10
139	555	408.058	288	143	82.572	10
140	566	410.92	233	135	83.722	16
141	564	413.006	253	122	81.754	10
142	579	412.666	300	135	83.392	10
143	613	412.532	291	135	81.938	10
144	575	412.238	291	118	82.624	13
145	575	409.224	291	152	82.822	10
146	573	412.42	317	123	83.264	10
147	597	412.684	290	117	82.918	15
148	582	412.536	298	144	82.81	10
149	554	415.928	308	129	82.56	10
150	568	417	288	138	82.336	15
151	568	423.282	297	135	83.156	15
152	589	422.916	307	159	82.11	10
153	578	422.136	320	143	82.276	10
154	611	423.322	288	210	83.182	15
155	611	420.988	267	143	82.846	15
156	609	420.906	307	140	82.142	12
157	614	420.774	300	135	82.452	10
158	630	421.968	240	145	82.894	10
159	630	418.334	310	135	83.09	10
160	647	420.608	300	106	82.706	14
161	647	423.536	298	138	82.974	13
162	611	423.838	317	146	81.764	15
163	582	424.076	291	205	83.222	15
164	609	423.39	315	132	82.426	16
165	588	420.392	300	127	82.474	10
166	590	420.538	286	121	83.08	12
167	563	421.676	240	135	81.674	10
168	590	424.24	276	137	82.658	14
169	614	428.59	276	154	81.936	16
170	609	430.296	260	151	81.492	16
171	565	431.006	305	163	82.416	10
172	598	434.218	317	156	81.576	14
173	583	438.296	277	144	82.378	12
174	601	442.866	267	136	82.672	12
175	601	444.316	243	106	82.184	12
176	620	444.182	286	142	82.66	14
177	620	441.564	296	130	81.464	10
178	649	445.802	294	119	81.96	10
179	598	453.112	296	127	81.546	10
180	650	461.422	307	137	82.654	10
181	608	462.542	307	162	83.128	12
182	618	461.264	307	116	82.098	12
183	619	461.064	298	130	83.158	10
184	632	467.924	259	149	83.522	15
185	627	471.76	305	160	83.304	12
186	627	478.772	319	124	81.64	12
187	680	485.584	319	126	82.14	16
188	697	489.626	308	147	81.372	16
189	697	490.666	288	197	81.338	10
190	741	485.26	291	118	82.276	16
191	760	489.666	308	142	81.914	12
192	801	495.032	325	110	81.48	11
193	748	492.418	334	130	81.87	10
194	729	494.184	317	166	83.344	11
195	736	494.106	314	155	82.806	10
196	615	488.156	314	157	83.748	16
197	622	487.684	351	157	83.38	10
198	613	486.7	356	143	82.802	10
199	638	487.332	327	141	82.172	10
200	684	486.942	327	142	83.044	10
201	701	490.108	332	149	81.968	11
202	665	488.786	307	132	82.892	10
203	665	491.936	281	123	82.93	10
204	687	493.452	242	144	82.092	10
205	687	493.588	260	143	82.786	13
206	655	495.276	279	159	81.86	10
207	644	494.494	315	142	82.968	16
208	641	493.914	343	142	81.802	12
209	625	491.296	341	163	83.41	16
210	618	492.6	300	128	82.056	10
211	673	494.234	329	176	81.66	10
212	673	499.144	339	135	81.608	12
213	654	496.268	355	116	81.64	16
214	610	493.77	355	141	82.098	10
215	672	490.514	346	124	82.042	10
216	708	488.844	346	140	83.118	11
217	656	484.364	339	142	81.76	10
218	671	484.626	337	124	81.884	13
219	637	485.282	337	151	82.63	10
220	613	486.87	355	116	82.544	10
221	616	487.682	355	141	82.712	10
222	630	490.816	368	117	82.386	10
223	640	494.378	347	150	82.338	11
224	664	497.504	364	143	83.472	10
225	693	503.47	341	133	82.254	12
226	693	507.198	374	152	82.896	10
227	653	508.036	365	161	82.04	10
228	671	511.468	357	157	82.856	12
229	709	507.564	346	158	82.662	10
230	709	504.394	317	137	82.664	12
231	709	499.662	317	135	81.762	13
232	709	501.86	329	129	82.578	12
233	673	502.618	356	125	82.49	10
234	645	503.782	346	140	83.084	12
235	648	504.998	320	140	82.932	16
236	632	505.264	319	127	83.454	15
237	648	510.57	327	132	83.236	10
238	648	510.374	327	127	82.528	12
239	684	519.008	317	120	82.148	12
240	668	518.616	319	140	82.412	12
241	677	521.806	380	142	82.06	12
242	667	519.982	327	142	81.348	12
243	677	522.212	377	164	81.884	13
244	684	520.546	310	159	81.538	10
245	703	518.616	346	159	82.268	13
246	737	509.072	355	159	84.766	12
247	747	502.74	336	172	83.982	13
248	629	504.738	336	169	85.222	11
249	666	506.72	356	172	84.68	13
250	672	517.432	337	164	83.914	13
